-2.4	-2.3	15	20	0.00182415	0.000787702	0.000787702
-2.4	-2.3	20	25	0.109503	0.00427292	0.00427292
-2.4	-2.3	25	30	0.384191	0.00514898	0.00514898
-2.4	-2.3	30	35	0.429812	0.00449529	0.00449529
-2.4	-2.3	35	40	0.467482	0.00419132	0.00419132
-2.4	-2.3	40	45	0.487543	0.00423344	0.00423344
-2.4	-2.3	45	1000	0.501312	0.00398329	0.00398329
-2.3	-2.2	15	20	0.00034188	0.000282821	0.000282821
-2.3	-2.2	20	25	0.158586	0.0048948	0.0048948
-2.3	-2.2	25	30	0.553861	0.00515648	0.00515648
-2.3	-2.2	30	35	0.609779	0.0043376	0.0043376
-2.3	-2.2	35	40	0.634691	0.00386913	0.00386913
-2.3	-2.2	40	45	0.658043	0.00371462	0.00371462
-2.3	-2.2	45	1000	0.655619	0.00348096	0.00348096
-2.2	-2.1	15	20	0	0	0
-2.2	-2.1	20	25	0.145891	0.0048012	0.0048012
-2.2	-2.1	25	30	0.508374	0.00525127	0.00525127
-2.2	-2.1	30	35	0.533841	0.00441581	0.00441581
-2.2	-2.1	35	40	0.550291	0.00392586	0.00392586
-2.2	-2.1	40	45	0.556551	0.0037597	0.0037597
-2.2	-2.1	45	1000	0.570596	0.00344818	0.00344818
-2.1	-2	15	20	0.000635728	0.000410611	0.000410611
-2.1	-2	20	25	0.202889	0.00530698	0.00530698
-2.1	-2	25	30	0.699397	0.00462868	0.00462868
-2.1	-2	30	35	0.726641	0.00380409	0.00380409
-2.1	-2	35	40	0.746846	0.00327585	0.00327585
-2.1	-2	40	45	0.759406	0.00299562	0.00299562
-2.1	-2	45	1000	0.766986	0.00272038	0.00272038
-2	-1.85	15	20	0.000205761	0.000170216	0.000170216
-2	-1.85	20	25	0.237482	0.00446991	0.00446991
-2	-1.85	25	30	0.773562	0.00336851	0.00336851
-2	-1.85	30	35	0.801066	0.00271863	0.00271863
-2	-1.85	35	40	0.815393	0.00230073	0.00230073
-2	-1.85	40	45	0.825675	0.00204217	0.00204217
-2	-1.85	45	1000	0.834568	0.00181604	0.00181604
-1.85	-1.75	15	20	0	0	0
-1.85	-1.75	20	25	0.212522	0.00526432	0.00526432
-1.85	-1.75	25	30	0.68529	0.00461184	0.00461184
-1.85	-1.75	30	35	0.708891	0.00379202	0.00379202
-1.85	-1.75	35	40	0.721116	0.00322105	0.00322105
-1.85	-1.75	40	45	0.73437	0.00282916	0.00282916
-1.85	-1.75	45	1000	0.741678	0.00253993	0.00253993
-1.75	-1.6	15	20	0.000236239	0.000195429	0.000195429
-1.75	-1.6	20	25	0.227938	0.00462028	0.00462028
-1.75	-1.6	25	30	0.769435	0.00357725	0.00357725
-1.75	-1.6	30	35	0.781211	0.00290804	0.00290804
-1.75	-1.6	35	40	0.795785	0.00241529	0.00241529
-1.75	-1.6	40	45	0.808117	0.00206051	0.00206051
-1.75	-1.6	45	1000	0.812207	0.00185799	0.00185799
-1.6	-1.5	15	20	0	0	0
-1.6	-1.5	20	25	0.256109	0.00553802	0.00553802
-1.6	-1.5	25	30	0.836665	0.00359157	0.00359157
-1.6	-1.5	30	35	0.837711	0.00296844	0.00296844
-1.6	-1.5	35	40	0.853186	0.00238628	0.00238628
-1.6	-1.5	40	45	0.859931	0.00201102	0.00201102
-1.6	-1.5	45	1000	0.860378	0.00183383	0.00183383
-1.5	-1.4	15	20	0	0	0
-1.5	-1.4	20	25	0.230855	0.00535271	0.00535271
-1.5	-1.4	25	30	0.826623	0.0036511	0.0036511
-1.5	-1.4	30	35	0.822777	0.00301553	0.00301553
-1.5	-1.4	35	40	0.833554	0.00243261	0.00243261
-1.5	-1.4	40	45	0.848673	0.002005	0.002005
-1.5	-1.4	45	1000	0.85543	0.00180763	0.00180763
-1.4	-1.3	15	20	0.000986842	0.000537027	0.000537027
-1.4	-1.3	20	25	0.225766	0.00528792	0.00528792
-1.4	-1.3	25	30	0.811163	0.00368224	0.00368224
-1.4	-1.3	30	35	0.829718	0.00292302	0.00292302
-1.4	-1.3	35	40	0.835553	0.00235654	0.00235654
-1.4	-1.3	40	45	0.843423	0.00195817	0.00195817
-1.4	-1.3	45	1000	0.849773	0.00177982	0.00177982
-1.3	-1.2	15	20	0.000318471	0.000263456	0.000263456
-1.3	-1.2	20	25	0.191221	0.00497089	0.00497089
-1.3	-1.2	25	30	0.735076	0.00413494	0.00413494
-1.3	-1.2	30	35	0.762987	0.00322444	0.00322444
-1.3	-1.2	35	40	0.774378	0.00257741	0.00257741
-1.3	-1.2	40	45	0.787225	0.0021654	0.0021654
-1.3	-1.2	45	1000	0.792958	0.001962	0.001962
-1.2	-1.1	15	20	0.00132582	0.000634413	0.000634413
-1.2	-1.1	20	25	0.199321	0.00511045	0.00511045
-1.2	-1.1	25	30	0.751513	0.00405397	0.00405397
-1.2	-1.1	30	35	0.777064	0.00312579	0.00312579
-1.2	-1.1	35	40	0.787375	0.00248726	0.00248726
-1.2	-1.1	40	45	0.801417	0.00208842	0.00208842
-1.2	-1.1	45	1000	0.809508	0.00188536	0.00188536
-1.1	-1	15	20	0.00100368	0.000546189	0.000546189
-1.1	-1	20	25	0.232001	0.00535139	0.00535139
-1.1	-1	25	30	0.805889	0.00374507	0.00374507
-1.1	-1	30	35	0.830219	0.00275967	0.00275967
-1.1	-1	35	40	0.844055	0.0021301	0.0021301
-1.1	-1	40	45	0.850567	0.00182523	0.00182523
-1.1	-1	45	1000	0.859894	0.00164536	0.00164536
-1	-0.9	15	20	0.00161655	0.000698079	0.000698079
-1	-0.9	20	25	0.209908	0.00502801	0.00502801
-1	-0.9	25	30	0.824818	0.00354519	0.00354519
-1	-0.9	30	35	0.82887	0.00272685	0.00272685
-1	-0.9	35	40	0.841212	0.00210916	0.00210916
-1	-0.9	40	45	0.851084	0.00180268	0.00180268
-1	-0.9	45	1000	0.858146	0.00164307	0.00164307
-0.9	-0.8	15	20	0	0	0
-0.9	-0.8	20	25	0.215438	0.00517707	0.00517707
-0.9	-0.8	25	30	0.847878	0.00337453	0.00337453
-0.9	-0.8	30	35	0.861758	0.00248792	0.00248792
-0.9	-0.8	35	40	0.879029	0.00185733	0.00185733
-0.9	-0.8	40	45	0.889764	0.0015931	0.0015931
-0.9	-0.8	45	1000	0.8955	0.00144507	0.00144507
-0.8	-0.7	15	20	0.000642467	0.000414963	0.000414963
-0.8	-0.7	20	25	0.237912	0.00521208	0.00521208
-0.8	-0.7	25	30	0.89112	0.0028344	0.0028344
-0.8	-0.7	30	35	0.917704	0.0019015	0.0019015
-0.8	-0.7	35	40	0.934376	0.00136627	0.00136627
-0.8	-0.7	40	45	0.9471	0.00111025	0.00111025
-0.8	-0.7	45	1000	0.953437	0.000969825	0.000969825
-0.7	-0.6	15	20	0	0	0
-0.7	-0.6	20	25	0.233429	0.0050885	0.0050885
-0.7	-0.6	25	30	0.89576	0.00274226	0.00274226
-0.7	-0.6	30	35	0.913767	0.00188284	0.00188284
-0.7	-0.6	35	40	0.930901	0.00137417	0.00137417
-0.7	-0.6	40	45	0.943873	0.00113001	0.00113001
-0.7	-0.6	45	1000	0.948835	0.00100792	0.00100792
-0.6	-0.5	15	20	0	0	0
-0.6	-0.5	20	25	0.227077	0.0050462	0.0050462
-0.6	-0.5	25	30	0.892107	0.00269118	0.00269118
-0.6	-0.5	30	35	0.915695	0.00182511	0.00182511
-0.6	-0.5	35	40	0.931444	0.00136492	0.00136492
-0.6	-0.5	40	45	0.942699	0.00113628	0.00113628
-0.6	-0.5	45	1000	0.950641	0.000979992	0.000979992
-0.5	-0.4	15	20	0	0	0
-0.5	-0.4	20	25	0.248989	0.00514118	0.00514118
-0.5	-0.4	25	30	0.900584	0.00254156	0.00254156
-0.5	-0.4	30	35	0.92153	0.00172517	0.00172517
-0.5	-0.4	35	40	0.938222	0.00128743	0.00128743
-0.5	-0.4	40	45	0.951956	0.00104204	0.00104204
-0.5	-0.4	45	1000	0.958954	0.000895549	0.000895549
-0.4	-0.3	15	20	0	0	0
-0.4	-0.3	20	25	0.247541	0.00514948	0.00514948
-0.4	-0.3	25	30	0.881465	0.00268219	0.00268219
-0.4	-0.3	30	35	0.90492	0.00185644	0.00185644
-0.4	-0.3	35	40	0.924346	0.00139815	0.00139815
-0.4	-0.3	40	45	0.936372	0.00118496	0.00118496
-0.4	-0.3	45	1000	0.941963	0.00104867	0.00104867
-0.3	-0.2	15	20	0	0	0
-0.3	-0.2	20	25	0.231923	0.00536835	0.00536835
-0.3	-0.2	25	30	0.815947	0.00331005	0.00331005
-0.3	-0.2	30	35	0.840725	0.00240347	0.00240347
-0.3	-0.2	35	40	0.860133	0.00193647	0.00193647
-0.3	-0.2	40	45	0.872455	0.00168708	0.00168708
-0.3	-0.2	45	1000	0.879146	0.00154082	0.00154082
-0.2	-0.1	15	20	0	0	0
-0.2	-0.1	20	25	0.245343	0.00533159	0.00533159
-0.2	-0.1	25	30	0.861115	0.00276541	0.00276541
-0.2	-0.1	30	35	0.889695	0.00196431	0.00196431
-0.2	-0.1	35	40	0.911173	0.00152893	0.00152893
-0.2	-0.1	40	45	0.923704	0.00129514	0.00129514
-0.2	-0.1	45	1000	0.93104	0.00115121	0.00115121
-0.1	0	15	20	0.000452489	0.000374323	0.000374323
-0.1	0	20	25	0.255093	0.0053332	0.0053332
-0.1	0	25	30	0.885322	0.00253598	0.00253598
-0.1	0	30	35	0.908622	0.00180245	0.00180245
-0.1	0	35	40	0.930032	0.00136189	0.00136189
-0.1	0	40	45	0.943532	0.00112464	0.00112464
-0.1	0	45	1000	0.950978	0.000978853	0.000978853
0	0.1	15	20	0	0	0
0	0.1	20	25	0.251977	0.00528932	0.00528932
0	0.1	25	30	0.884295	0.00252931	0.00252931
0	0.1	30	35	0.910927	0.00176969	0.00176969
0	0.1	35	40	0.930438	0.00135644	0.00135644
0	0.1	40	45	0.942029	0.00113735	0.00113735
0	0.1	45	1000	0.952577	0.000966398	0.000966398
0.1	0.2	15	20	0	0	0
0.1	0.2	20	25	0.250296	0.00530325	0.00530325
0.1	0.2	25	30	0.872154	0.00269971	0.00269971
0.1	0.2	30	35	0.900157	0.00186388	0.00186388
0.1	0.2	35	40	0.916501	0.00147957	0.00147957
0.1	0.2	40	45	0.930213	0.00124535	0.00124535
0.1	0.2	45	1000	0.940639	0.00107238	0.00107238
0.2	0.3	15	20	0	0	0
0.2	0.3	20	25	0.221462	0.00533377	0.00533377
0.2	0.3	25	30	0.831318	0.0032179	0.0032179
0.2	0.3	30	35	0.857602	0.00229417	0.00229417
0.2	0.3	35	40	0.87505	0.00185424	0.00185424
0.2	0.3	40	45	0.886481	0.00162845	0.00162845
0.2	0.3	45	1000	0.896698	0.00144867	0.00144867
0.3	0.4	15	20	0	0	0
0.3	0.4	20	25	0.239011	0.00516201	0.00516201
0.3	0.4	25	30	0.872708	0.00278535	0.00278535
0.3	0.4	30	35	0.903364	0.00184773	0.00184773
0.3	0.4	35	40	0.92059	0.00144246	0.00144246
0.3	0.4	40	45	0.930893	0.00122403	0.00122403
0.3	0.4	45	1000	0.937873	0.00108656	0.00108656
0.4	0.5	15	20	0	0	0
0.4	0.5	20	25	0.246226	0.00517539	0.00517539
0.4	0.5	25	30	0.898656	0.00259536	0.00259536
0.4	0.5	30	35	0.920498	0.00172834	0.00172834
0.4	0.5	35	40	0.937239	0.00128498	0.00128498
0.4	0.5	40	45	0.951404	0.00104839	0.00104839
0.4	0.5	45	1000	0.95715	0.000916577	0.000916577
0.5	0.6	15	20	0	0	0
0.5	0.6	20	25	0.230268	0.00509898	0.00509898
0.5	0.6	25	30	0.890963	0.00272721	0.00272721
0.5	0.6	30	35	0.913478	0.00184104	0.00184104
0.5	0.6	35	40	0.935006	0.00131588	0.00131588
0.5	0.6	40	45	0.945162	0.0011121	0.0011121
0.5	0.6	45	1000	0.950761	0.0009849	0.0009849
0.6	0.7	15	20	0	0	0
0.6	0.7	20	25	0.230906	0.00516531	0.00516531
0.6	0.7	25	30	0.900385	0.00267007	0.00267007
0.6	0.7	30	35	0.921295	0.00181037	0.00181037
0.6	0.7	35	40	0.935934	0.0013183	0.0013183
0.6	0.7	40	45	0.94473	0.00112325	0.00112325
0.6	0.7	45	1000	0.951567	0.00098287	0.00098287
0.7	0.8	15	20	0	0	0
0.7	0.8	20	25	0.233565	0.00522974	0.00522974
0.7	0.8	25	30	0.895902	0.002782	0.002782
0.7	0.8	30	35	0.919673	0.0018939	0.0018939
0.7	0.8	35	40	0.939799	0.00131218	0.00131218
0.7	0.8	40	45	0.948512	0.00110144	0.00110144
0.7	0.8	45	1000	0.953703	0.000971814	0.000971814
0.8	0.9	15	20	0.000351989	0.000291183	0.000291183
0.8	0.9	20	25	0.221757	0.00520492	0.00520492
0.8	0.9	25	30	0.841153	0.00343229	0.00343229
0.8	0.9	30	35	0.86131	0.00246235	0.00246235
0.8	0.9	35	40	0.879272	0.00184512	0.00184512
0.8	0.9	40	45	0.890705	0.00158217	0.00158217
0.8	0.9	45	1000	0.897464	0.00143669	0.00143669
0.9	1	15	20	0.000675447	0.000436265	0.000436265
0.9	1	20	25	0.205385	0.00497078	0.00497078
0.9	1	25	30	0.800964	0.0037074	0.0037074
0.9	1	30	35	0.819092	0.00277203	0.00277203
0.9	1	35	40	0.835862	0.0021089	0.0021089
0.9	1	40	45	0.846308	0.00181327	0.00181327
0.9	1	45	1000	0.851431	0.00166959	0.00166959
1	1.1	15	20	0.00230036	0.000847953	0.000847953
1	1.1	20	25	0.217678	0.00513994	0.00513994
1	1.1	25	30	0.814865	0.00364281	0.00364281
1	1.1	30	35	0.816869	0.00282992	0.00282992
1	1.1	35	40	0.840268	0.00214256	0.00214256
1	1.1	40	45	0.845484	0.00185074	0.00185074
1	1.1	45	1000	0.852349	0.00169354	0.00169354
1.1	1.2	15	20	0.000340832	0.000281953	0.000281953
1.1	1.2	20	25	0.205337	0.00513812	0.00513812
1.1	1.2	25	30	0.759993	0.00405185	0.00405185
1.1	1.2	30	35	0.773442	0.00314599	0.00314599
1.1	1.2	35	40	0.791321	0.00246192	0.00246192
1.1	1.2	40	45	0.80675	0.00206354	0.00206354
1.1	1.2	45	1000	0.811482	0.00190144	0.00190144
1.2	1.3	15	20	0.000659413	0.000425909	0.000425909
1.2	1.3	20	25	0.181196	0.00483294	0.00483294
1.2	1.3	25	30	0.719908	0.00419682	0.00419682
1.2	1.3	30	35	0.725547	0.00340539	0.00340539
1.2	1.3	35	40	0.742463	0.00270377	0.00270377
1.2	1.3	40	45	0.756961	0.00226504	0.00226504
1.2	1.3	45	1000	0.767783	0.00206736	0.00206736
1.3	1.4	15	20	0.000325521	0.000269287	0.000269287
1.3	1.4	20	25	0.213542	0.00518112	0.00518112
1.3	1.4	25	30	0.785776	0.00389647	0.00389647
1.3	1.4	30	35	0.798606	0.00310262	0.00310262
1.3	1.4	35	40	0.809146	0.00251365	0.00251365
1.3	1.4	40	45	0.820856	0.00206462	0.00206462
1.3	1.4	45	1000	0.822923	0.00189787	0.00189787
1.4	1.5	15	20	0.000330797	0.000273652	0.000273652
1.4	1.5	20	25	0.217571	0.00522925	0.00522925
1.4	1.5	25	30	0.793671	0.00390853	0.00390853
1.4	1.5	30	35	0.802073	0.00313248	0.00313248
1.4	1.5	35	40	0.80728	0.00258666	0.00258666
1.4	1.5	40	45	0.810871	0.00218077	0.00218077
1.4	1.5	45	1000	0.82084	0.00196754	0.00196754
1.5	1.6	15	20	0	0	0
1.5	1.6	20	25	0.243583	0.00556294	0.00556294
1.5	1.6	25	30	0.818082	0.0037616	0.0037616
1.5	1.6	30	35	0.832513	0.00301909	0.00301909
1.5	1.6	35	40	0.837157	0.00251663	0.00251663
1.5	1.6	40	45	0.845194	0.00210568	0.00210568
1.5	1.6	45	1000	0.846007	0.00190782	0.00190782
1.6	1.75	15	20	0	0	0
1.6	1.75	20	25	0.261114	0.00464167	0.00464167
1.6	1.75	25	30	0.813088	0.00319406	0.00319406
1.6	1.75	30	35	0.831698	0.00253564	0.00253564
1.6	1.75	35	40	0.842095	0.00209942	0.00209942
1.6	1.75	40	45	0.85358	0.00177691	0.00177691
1.6	1.75	45	1000	0.856767	0.00159931	0.00159931
1.75	1.85	15	20	0.00032041	0.00026506	0.00026506
1.75	1.85	20	25	0.253061	0.00559559	0.00559559
1.75	1.85	25	30	0.796093	0.00399941	0.00399941
1.75	1.85	30	35	0.820856	0.00319027	0.00319027
1.75	1.85	35	40	0.82913	0.0026826	0.0026826
1.75	1.85	40	45	0.841532	0.00231557	0.00231557
1.75	1.85	45	1000	0.845906	0.00206654	0.00206654
1.85	2	15	20	0	0	0
1.85	2	20	25	0.244471	0.00447892	0.00447892
1.85	2	25	30	0.817586	0.00313372	0.00313372
1.85	2	30	35	0.855981	0.00238505	0.00238505
1.85	2	35	40	0.866562	0.00199888	0.00199888
1.85	2	40	45	0.877324	0.00175538	0.00175538
1.85	2	45	1000	0.884701	0.00154064	0.00154064
2	2.1	15	20	0	0	0
2	2.1	20	25	0.215996	0.00539802	0.00539802
2	2.1	25	30	0.719922	0.00449665	0.00449665
2	2.1	30	35	0.754132	0.00362549	0.00362549
2	2.1	35	40	0.771578	0.00315215	0.00315215
2	2.1	40	45	0.789144	0.00282614	0.00282614
2	2.1	45	1000	0.795561	0.00253645	0.00253645
2.1	2.2	15	20	0.000341647	0.000282628	0.000282628
2.1	2.2	20	25	0.145915	0.0047396	0.0047396
2.1	2.2	25	30	0.480335	0.00515976	0.00515976
2.1	2.2	30	35	0.516316	0.00434676	0.00434676
2.1	2.2	35	40	0.52735	0.00390234	0.00390234
2.1	2.2	40	45	0.534175	0.00367798	0.00367798
2.1	2.2	45	1000	0.545228	0.00337426	0.00337426
2.2	2.3	15	20	0.00100773	0.000548391	0.000548391
2.2	2.3	20	25	0.163633	0.00496971	0.00496971
2.2	2.3	25	30	0.547835	0.00522477	0.00522477
2.2	2.3	30	35	0.601932	0.00428122	0.00428122
2.2	2.3	35	40	0.637529	0.00385077	0.00385077
2.2	2.3	40	45	0.653479	0.00368144	0.00368144
2.2	2.3	45	1000	0.653555	0.00338794	0.00338794
2.3	2.4	15	20	0.00178126	0.000769186	0.000769186
2.3	2.4	20	25	0.115109	0.00440071	0.00440071
2.3	2.4	25	30	0.388041	0.00524436	0.00524436
2.3	2.4	30	35	0.432981	0.00451877	0.00451877
2.3	2.4	35	40	0.473841	0.00418361	0.00418361
2.3	2.4	40	45	0.500583	0.00417404	0.00417404
2.3	2.4	45	1000	0.512548	0.00383042	0.00383042
