-2.4	-2.3	15	20	0.00469729	0.00109528	0.00109528
-2.4	-2.3	20	25	0.0750788	0.0030936	0.0030936
-2.4	-2.3	25	30	0.281185	0.00411872	0.00411872
-2.4	-2.3	30	35	0.332731	0.00367746	0.00367746
-2.4	-2.3	35	40	0.371135	0.00345842	0.00345842
-2.4	-2.3	40	45	0.403038	0.00354616	0.00354616
-2.4	-2.3	45	1000	0.4303	0.00348673	0.00348673
-2.3	-2.2	15	20	0.00152672	0.000605419	0.000605419
-2.3	-2.2	20	25	0.104753	0.00351701	0.00351701
-2.3	-2.2	25	30	0.389458	0.00437531	0.00437531
-2.3	-2.2	30	35	0.462311	0.00378237	0.00378237
-2.3	-2.2	35	40	0.517824	0.00347647	0.00347647
-2.3	-2.2	40	45	0.556058	0.00336642	0.00336642
-2.3	-2.2	45	1000	0.574696	0.00318595	0.00318595
-2.2	-2.1	15	20	0.00100528	0.00048105	0.00048105
-2.2	-2.1	20	25	0.0892012	0.00332468	0.00332468
-2.2	-2.1	25	30	0.365105	0.00437884	0.00437884
-2.2	-2.1	30	35	0.4124	0.00375509	0.00375509
-2.2	-2.1	35	40	0.443016	0.003405	0.003405
-2.2	-2.1	40	45	0.469933	0.00324367	0.00324367
-2.2	-2.1	45	1000	0.475543	0.00303229	0.00303229
-2.1	-2	15	20	0.000236016	0.000195244	0.000195244
-2.1	-2	20	25	0.162304	0.00418671	0.00418671
-2.1	-2	25	30	0.625695	0.0043019	0.0043019
-2.1	-2	30	35	0.676516	0.0034557	0.0034557
-2.1	-2	35	40	0.705329	0.00299106	0.00299106
-2.1	-2	40	45	0.729922	0.00272558	0.00272558
-2.1	-2	45	1000	0.743236	0.00246931	0.00246931
-2	-1.85	15	20	0.000312891	0.000202096	0.000202096
-2	-1.85	20	25	0.21149	0.00374353	0.00374353
-2	-1.85	25	30	0.736612	0.00312362	0.00312362
-2	-1.85	30	35	0.777906	0.00245245	0.00245245
-2	-1.85	35	40	0.804589	0.00205749	0.00205749
-2	-1.85	40	45	0.819097	0.0018285	0.0018285
-2	-1.85	45	1000	0.83209	0.00162144	0.00162144
-1.85	-1.75	15	20	0.000493462	0.000318724	0.000318724
-1.85	-1.75	20	25	0.198593	0.00449544	0.00449544
-1.85	-1.75	25	30	0.704633	0.0039834	0.0039834
-1.85	-1.75	30	35	0.730537	0.00325079	0.00325079
-1.85	-1.75	35	40	0.746369	0.00273299	0.00273299
-1.85	-1.75	40	45	0.761394	0.00239945	0.00239945
-1.85	-1.75	45	1000	0.76518	0.00217074	0.00217074
-1.75	-1.6	15	20	0	0	0
-1.75	-1.6	20	25	0.242107	0.00407231	0.00407231
-1.75	-1.6	25	30	0.783543	0.00302557	0.00302557
-1.75	-1.6	30	35	0.794647	0.00245486	0.00245486
-1.75	-1.6	35	40	0.804464	0.0020647	0.0020647
-1.75	-1.6	40	45	0.818449	0.00175932	0.00175932
-1.75	-1.6	45	1000	0.816663	0.00159862	0.00159862
-1.6	-1.5	15	20	0	0	0
-1.6	-1.5	20	25	0.246917	0.00477105	0.00477105
-1.6	-1.5	25	30	0.843351	0.00307781	0.00307781
-1.6	-1.5	30	35	0.85262	0.002498	0.002498
-1.6	-1.5	35	40	0.859605	0.00205076	0.00205076
-1.6	-1.5	40	45	0.865999	0.00174791	0.00174791
-1.6	-1.5	45	1000	0.86881	0.00158177	0.00158177
-1.5	-1.4	15	20	0.000240269	0.000198763	0.000198763
-1.5	-1.4	20	25	0.22339	0.00460457	0.00460457
-1.5	-1.4	25	30	0.794919	0.00338192	0.00338192
-1.5	-1.4	30	35	0.81277	0.00268331	0.00268331
-1.5	-1.4	35	40	0.823499	0.00219572	0.00219572
-1.5	-1.4	40	45	0.831366	0.00185986	0.00185986
-1.5	-1.4	45	1000	0.833462	0.00169752	0.00169752
-1.4	-1.3	15	20	0	0	0
-1.4	-1.3	20	25	0.217003	0.00455528	0.00455528
-1.4	-1.3	25	30	0.827066	0.00316065	0.00316065
-1.4	-1.3	30	35	0.838896	0.00249659	0.00249659
-1.4	-1.3	35	40	0.849933	0.0019945	0.0019945
-1.4	-1.3	40	45	0.857311	0.00168224	0.00168224
-1.4	-1.3	45	1000	0.864505	0.00150781	0.00150781
-1.3	-1.2	15	20	0.000492854	0.000318331	0.000318331
-1.3	-1.2	20	25	0.202165	0.00442797	0.00442797
-1.3	-1.2	25	30	0.778233	0.0034286	0.0034286
-1.3	-1.2	30	35	0.796504	0.0026662	0.0026662
-1.3	-1.2	35	40	0.806499	0.00215414	0.00215414
-1.3	-1.2	40	45	0.820868	0.00180193	0.00180193
-1.3	-1.2	45	1000	0.83437	0.00159818	0.00159818
-1.2	-1.1	15	20	0.000995272	0.000476263	0.000476263
-1.2	-1.1	20	25	0.20078	0.00444533	0.00444533
-1.2	-1.1	25	30	0.79284	0.00335565	0.00335565
-1.2	-1.1	30	35	0.815632	0.00254533	0.00254533
-1.2	-1.1	35	40	0.835708	0.00196438	0.00196438
-1.2	-1.1	40	45	0.843842	0.00167887	0.00167887
-1.2	-1.1	45	1000	0.855067	0.00150079	0.00150079
-1.1	-1	15	20	0.00366748	0.000935333	0.000935333
-1.1	-1	20	25	0.231894	0.00464857	0.00464857
-1.1	-1	25	30	0.844335	0.00299382	0.00299382
-1.1	-1	30	35	0.86046	0.0022233	0.0022233
-1.1	-1	35	40	0.875204	0.00170508	0.00170508
-1.1	-1	40	45	0.886798	0.00143694	0.00143694
-1.1	-1	45	1000	0.895124	0.00127878	0.00127878
-1	-0.9	15	20	0.000488281	0.000315378	0.000315378
-1	-0.9	20	25	0.214971	0.00446725	0.00446725
-1	-0.9	25	30	0.838915	0.00298989	0.00298989
-1	-0.9	30	35	0.858101	0.00219912	0.00219912
-1	-0.9	35	40	0.870601	0.00168122	0.00168122
-1	-0.9	40	45	0.881259	0.00144621	0.00144621
-1	-0.9	45	1000	0.886759	0.00130758	0.00130758
-0.9	-0.8	15	20	0	0	0
-0.9	-0.8	20	25	0.230686	0.00465941	0.00465941
-0.9	-0.8	25	30	0.872984	0.00272541	0.00272541
-0.9	-0.8	30	35	0.893602	0.00193769	0.00193769
-0.9	-0.8	35	40	0.909603	0.00143771	0.00143771
-0.9	-0.8	40	45	0.916304	0.00123589	0.00123589
-0.9	-0.8	45	1000	0.924245	0.00109282	0.00109282
-0.8	-0.7	15	20	0.000775394	0.000421968	0.000421968
-0.8	-0.7	20	25	0.234475	0.0045912	0.0045912
-0.8	-0.7	25	30	0.909596	0.00228373	0.00228373
-0.8	-0.7	30	35	0.929705	0.00155322	0.00155322
-0.8	-0.7	35	40	0.946184	0.00109454	0.00109454
-0.8	-0.7	40	45	0.955995	0.000900497	0.000900497
-0.8	-0.7	45	1000	0.962214	0.00076938	0.00076938
-0.7	-0.6	15	20	0	0	0
-0.7	-0.6	20	25	0.246283	0.00461735	0.00461735
-0.7	-0.6	25	30	0.907383	0.00224983	0.00224983
-0.7	-0.6	30	35	0.927452	0.00152743	0.00152743
-0.7	-0.6	35	40	0.947109	0.00106783	0.00106783
-0.7	-0.6	40	45	0.95881	0.000860559	0.000860559
-0.7	-0.6	45	1000	0.964027	0.000744252	0.000744252
-0.6	-0.5	15	20	0.00058072	0.000375083	0.000375083
-0.6	-0.5	20	25	0.239465	0.00456859	0.00456859
-0.6	-0.5	25	30	0.909234	0.00220646	0.00220646
-0.6	-0.5	30	35	0.931693	0.00144623	0.00144623
-0.6	-0.5	35	40	0.946151	0.00106054	0.00106054
-0.6	-0.5	40	45	0.957515	0.000867676	0.000867676
-0.6	-0.5	45	1000	0.963972	0.000738503	0.000738503
-0.5	-0.4	15	20	0	0	0
-0.5	-0.4	20	25	0.243697	0.00455111	0.00455111
-0.5	-0.4	25	30	0.916093	0.00208222	0.00208222
-0.5	-0.4	30	35	0.935226	0.00138721	0.00138721
-0.5	-0.4	35	40	0.950196	0.00101601	0.00101601
-0.5	-0.4	40	45	0.964044	0.000799743	0.000799743
-0.5	-0.4	45	1000	0.968152	0.000693403	0.000693403
-0.4	-0.3	15	20	0.000318471	0.000263456	0.000263456
-0.4	-0.3	20	25	0.248775	0.00464271	0.00464271
-0.4	-0.3	25	30	0.898859	0.00220283	0.00220283
-0.4	-0.3	30	35	0.920974	0.00149567	0.00149567
-0.4	-0.3	35	40	0.940674	0.00109828	0.00109828
-0.4	-0.3	40	45	0.954278	0.000893004	0.000893004
-0.4	-0.3	45	1000	0.958448	0.000785642	0.000785642
-0.3	-0.2	15	20	0	0	0
-0.3	-0.2	20	25	0.233782	0.00475569	0.00475569
-0.3	-0.2	25	30	0.871399	0.00250375	0.00250375
-0.3	-0.2	30	35	0.891943	0.00178051	0.00178051
-0.3	-0.2	35	40	0.911362	0.00137667	0.00137667
-0.3	-0.2	40	45	0.921906	0.00119161	0.00119161
-0.3	-0.2	45	1000	0.927696	0.00105814	0.00105814
-0.2	-0.1	15	20	0	0	0
-0.2	-0.1	20	25	0.261939	0.00482281	0.00482281
-0.2	-0.1	25	30	0.897653	0.0021434	0.0021434
-0.2	-0.1	30	35	0.918098	0.00149598	0.00149598
-0.2	-0.1	35	40	0.935599	0.00113871	0.00113871
-0.2	-0.1	40	45	0.94886	0.00093973	0.00093973
-0.2	-0.1	45	1000	0.954171	0.000821052	0.000821052
-0.1	0	15	20	0	0	0
-0.1	0	20	25	0.260606	0.00481562	0.00481562
-0.1	0	25	30	0.907755	0.00205234	0.00205234
-0.1	0	30	35	0.927108	0.00141313	0.00141313
-0.1	0	35	40	0.942573	0.00107899	0.00107899
-0.1	0	40	45	0.955327	0.000878709	0.000878709
-0.1	0	45	1000	0.963538	0.000734474	0.000734474
0	0.1	15	20	0	0	0
0	0.1	20	25	0.24802	0.00472428	0.00472428
0	0.1	25	30	0.900511	0.00212277	0.00212277
0	0.1	30	35	0.928502	0.00140516	0.00140516
0	0.1	35	40	0.944877	0.0010584	0.0010584
0	0.1	40	45	0.956081	0.000872931	0.000872931
0	0.1	45	1000	0.961059	0.00076063	0.00076063
0.1	0.2	15	20	0	0	0
0.1	0.2	20	25	0.251752	0.00476007	0.00476007
0.1	0.2	25	30	0.895792	0.00217746	0.00217746
0.1	0.2	30	35	0.920216	0.00148111	0.00148111
0.1	0.2	35	40	0.936787	0.00113019	0.00113019
0.1	0.2	40	45	0.948951	0.000941395	0.000941395
0.1	0.2	45	1000	0.954226	0.000823633	0.000823633
0.2	0.3	15	20	0.000387147	0.000320268	0.000320268
0.2	0.3	20	25	0.235431	0.00485788	0.00485788
0.2	0.3	25	30	0.876251	0.00252567	0.00252567
0.2	0.3	30	35	0.897695	0.00174845	0.00174845
0.2	0.3	35	40	0.916644	0.0013433	0.0013433
0.2	0.3	40	45	0.927809	0.00115786	0.00115786
0.2	0.3	45	1000	0.930092	0.00105016	0.00105016
0.3	0.4	15	20	0	0	0
0.3	0.4	20	25	0.240706	0.00463522	0.00463522
0.3	0.4	25	30	0.899355	0.00222624	0.00222624
0.3	0.4	30	35	0.925746	0.00145092	0.00145092
0.3	0.4	35	40	0.939676	0.00110437	0.00110437
0.3	0.4	40	45	0.953181	0.000901759	0.000901759
0.3	0.4	45	1000	0.958145	0.000789511	0.000789511
0.4	0.5	15	20	0.00058651	0.000378822	0.000378822
0.4	0.5	20	25	0.237903	0.00459713	0.00459713
0.4	0.5	25	30	0.908709	0.00219162	0.00219162
0.4	0.5	30	35	0.934156	0.00140325	0.00140325
0.4	0.5	35	40	0.951985	0.000995311	0.000995311
0.4	0.5	40	45	0.96084	0.000830034	0.000830034
0.4	0.5	45	1000	0.967511	0.000702756	0.000702756
0.5	0.6	15	20	0	0	0
0.5	0.6	20	25	0.246907	0.00460063	0.00460063
0.5	0.6	25	30	0.906994	0.00223827	0.00223827
0.5	0.6	30	35	0.926196	0.00150461	0.00150461
0.5	0.6	35	40	0.947337	0.00105102	0.00105102
0.5	0.6	40	45	0.958283	0.000861406	0.000861406
0.5	0.6	45	1000	0.964917	0.000730328	0.000730328
0.6	0.7	15	20	0	0	0
0.6	0.7	20	25	0.238112	0.00460842	0.00460842
0.6	0.7	25	30	0.910213	0.00225128	0.00225128
0.6	0.7	30	35	0.929702	0.00151374	0.00151374
0.6	0.7	35	40	0.947883	0.0010578	0.0010578
0.6	0.7	40	45	0.959237	0.000856814	0.000856814
0.6	0.7	45	1000	0.965636	0.000731243	0.000731243
0.7	0.8	15	20	0.000265393	0.000219546	0.000219546
0.7	0.8	20	25	0.235471	0.00459186	0.00459186
0.7	0.8	25	30	0.905816	0.00233609	0.00233609
0.7	0.8	30	35	0.930216	0.00154955	0.00154955
0.7	0.8	35	40	0.948901	0.00107891	0.00107891
0.7	0.8	40	45	0.957931	0.00088286	0.00088286
0.7	0.8	45	1000	0.961804	0.000777408	0.000777408
0.8	0.9	15	20	0	0	0
0.8	0.9	20	25	0.229927	0.00466848	0.00466848
0.8	0.9	25	30	0.872442	0.00272354	0.00272354
0.8	0.9	30	35	0.893159	0.0019368	0.0019368
0.8	0.9	35	40	0.909839	0.00143986	0.00143986
0.8	0.9	40	45	0.918797	0.00121888	0.00121888
0.8	0.9	45	1000	0.922292	0.00110565	0.00110565
0.9	1	15	20	0.00176723	0.000651499	0.000651499
0.9	1	20	25	0.225006	0.00453328	0.00453328
0.9	1	25	30	0.841425	0.00296759	0.00296759
0.9	1	30	35	0.852964	0.00223901	0.00223901
0.9	1	35	40	0.867361	0.00170801	0.00170801
0.9	1	40	45	0.879501	0.00145505	0.00145505
0.9	1	45	1000	0.886681	0.00130969	0.00130969
1	1.1	15	20	0.00472402	0.00107264	0.00107264
1	1.1	20	25	0.233579	0.00464256	0.00464256
1	1.1	25	30	0.847508	0.00295882	0.00295882
1	1.1	30	35	0.860767	0.0022279	0.0022279
1	1.1	35	40	0.868046	0.00174577	0.00174577
1	1.1	40	45	0.883791	0.00145735	0.00145735
1	1.1	45	1000	0.889685	0.00131221	0.00131221
1.1	1.2	15	20	0.00072324	0.000393587	0.000393587
1.1	1.2	20	25	0.213079	0.00452297	0.00452297
1.1	1.2	25	30	0.791945	0.0033562	0.0033562
1.1	1.2	30	35	0.811179	0.00256349	0.00256349
1.1	1.2	35	40	0.826333	0.00202845	0.00202845
1.1	1.2	40	45	0.839164	0.00170683	0.00170683
1.1	1.2	45	1000	0.851348	0.00152182	0.00152182
1.2	1.3	15	20	0.000252016	0.00020848	0.00020848
1.2	1.3	20	25	0.199564	0.00442296	0.00442296
1.2	1.3	25	30	0.775642	0.00347226	0.00347226
1.2	1.3	30	35	0.794022	0.00269819	0.00269819
1.2	1.3	35	40	0.811554	0.00214159	0.00214159
1.2	1.3	40	45	0.824926	0.00180067	0.00180067
1.2	1.3	45	1000	0.837688	0.00160352	0.00160352
1.3	1.4	15	20	0.000750375	0.000408353	0.000408353
1.3	1.4	20	25	0.219863	0.00456156	0.00456156
1.3	1.4	25	30	0.804515	0.003315	0.003315
1.3	1.4	30	35	0.827757	0.00255902	0.00255902
1.3	1.4	35	40	0.834967	0.00210332	0.00210332
1.3	1.4	40	45	0.846396	0.00175358	0.00175358
1.3	1.4	45	1000	0.853783	0.00156716	0.00156716
1.4	1.5	15	20	0.000976086	0.000467083	0.000467083
1.4	1.5	20	25	0.218413	0.00454923	0.00454923
1.4	1.5	25	30	0.785038	0.00344277	0.00344277
1.4	1.5	30	35	0.797893	0.00276631	0.00276631
1.4	1.5	35	40	0.810838	0.00227383	0.00227383
1.4	1.5	40	45	0.81744	0.00192325	0.00192325
1.4	1.5	45	1000	0.820125	0.00174379	0.00174379
1.5	1.6	15	20	0.000249688	0.000206554	0.000206554
1.5	1.6	20	25	0.246854	0.00477238	0.00477238
1.5	1.6	25	30	0.839687	0.00313929	0.00313929
1.5	1.6	30	35	0.849526	0.00252245	0.00252245
1.5	1.6	35	40	0.851228	0.00214537	0.00214537
1.5	1.6	40	45	0.862301	0.00178656	0.00178656
1.5	1.6	45	1000	0.865404	0.00160927	0.00160927
1.6	1.75	15	20	0.000345722	0.000223301	0.000223301
1.6	1.75	20	25	0.248757	0.00395541	0.00395541
1.6	1.75	25	30	0.814443	0.00278215	0.00278215
1.6	1.75	30	35	0.83023	0.00223545	0.00223545
1.6	1.75	35	40	0.843025	0.00184972	0.00184972
1.6	1.75	40	45	0.854031	0.00157092	0.00157092
1.6	1.75	45	1000	0.856493	0.00141914	0.00141914
1.75	1.85	15	20	0.000941398	0.000450486	0.000450486
1.75	1.85	20	25	0.23544	0.00475143	0.00475143
1.75	1.85	25	30	0.77839	0.0036181	0.0036181
1.75	1.85	30	35	0.801505	0.00288533	0.00288533
1.75	1.85	35	40	0.819193	0.0024155	0.0024155
1.75	1.85	40	45	0.834954	0.00207846	0.00207846
1.75	1.85	45	1000	0.841855	0.00186038	0.00186038
1.85	2	15	20	0.00078456	0.000338841	0.000338841
1.85	2	20	25	0.229853	0.00381825	0.00381825
1.85	2	25	30	0.785725	0.00288944	0.00288944
1.85	2	30	35	0.824973	0.00225423	0.00225423
1.85	2	35	40	0.849061	0.00186755	0.00186755
1.85	2	40	45	0.86443	0.00162813	0.00162813
1.85	2	45	1000	0.87625	0.00142543	0.00142543
2	2.1	15	20	0.000472813	0.000305388	0.000305388
2	2.1	20	25	0.179453	0.00427267	0.00427267
2	2.1	25	30	0.659264	0.00414071	0.00414071
2	2.1	30	35	0.69523	0.00338986	0.00338986
2	2.1	35	40	0.731084	0.0029162	0.0029162
2	2.1	40	45	0.752028	0.00264424	0.00264424
2	2.1	45	1000	0.77143	0.00237813	0.00237813
2.1	2.2	15	20	0.00129366	0.000558671	0.000558671
2.1	2.2	20	25	0.0993912	0.00345406	0.00345406
2.1	2.2	25	30	0.366101	0.00433032	0.00433032
2.1	2.2	30	35	0.402616	0.00369669	0.00369669
2.1	2.2	35	40	0.429491	0.00337671	0.00337671
2.1	2.2	40	45	0.448744	0.00320773	0.00320773
2.1	2.2	45	1000	0.461524	0.00302805	0.00302805
2.2	2.3	15	20	0.000984252	0.00047099	0.00047099
2.2	2.3	20	25	0.11953	0.003762	0.003762
2.2	2.3	25	30	0.448557	0.00446325	0.00446325
2.2	2.3	30	35	0.502975	0.00379241	0.00379241
2.2	2.3	35	40	0.545903	0.00343655	0.00343655
2.2	2.3	40	45	0.565691	0.00332506	0.00332506
2.2	2.3	45	1000	0.591207	0.00316066	0.00316066
2.3	2.4	15	20	0.00232859	0.000761174	0.000761174
2.3	2.4	20	25	0.0966569	0.00350723	0.00350723
2.3	2.4	25	30	0.329348	0.00435538	0.00435538
2.3	2.4	30	35	0.381397	0.00383047	0.00383047
2.3	2.4	35	40	0.419259	0.00358655	0.00358655
2.3	2.4	40	45	0.437369	0.00361712	0.00361712
2.3	2.4	45	1000	0.458391	0.00347268	0.00347268
