-2.4	-2.3	15	20	0.000769034	0.000418506	0.000418506
-2.4	-2.3	20	25	0.100828	0.00346457	0.00346457
-2.4	-2.3	25	30	0.380596	0.00436345	0.00436345
-2.4	-2.3	30	35	0.422549	0.00376768	0.00376768
-2.4	-2.3	35	40	0.457973	0.00349706	0.00349706
-2.4	-2.3	40	45	0.483407	0.00356773	0.00356773
-2.4	-2.3	45	1000	0.499246	0.00345649	0.00345649
-2.3	-2.2	15	20	0.00120366	0.000519811	0.000519811
-2.3	-2.2	20	25	0.142947	0.00395054	0.00395054
-2.3	-2.2	25	30	0.506209	0.00436188	0.00436188
-2.3	-2.2	30	35	0.553662	0.00369265	0.00369265
-2.3	-2.2	35	40	0.596648	0.00330621	0.00330621
-2.3	-2.2	40	45	0.622126	0.00320849	0.00320849
-2.3	-2.2	45	1000	0.629187	0.00311087	0.00311087
-2.2	-2.1	15	20	0.000490798	0.000317003	0.000317003
-2.2	-2.1	20	25	0.115121	0.00364395	0.00364395
-2.2	-2.1	25	30	0.435652	0.00439013	0.00439013
-2.2	-2.1	30	35	0.471787	0.00370075	0.00370075
-2.2	-2.1	35	40	0.49744	0.00334397	0.00334397
-2.2	-2.1	40	45	0.502624	0.00319685	0.00319685
-2.2	-2.1	45	1000	0.510792	0.00306311	0.00306311
-2.1	-2	15	20	0.000464684	0.000300137	0.000300137
-2.1	-2	20	25	0.195601	0.00442014	0.00442014
-2.1	-2	25	30	0.681838	0.0040374	0.0040374
-2.1	-2	30	35	0.718037	0.00326573	0.00326573
-2.1	-2	35	40	0.734978	0.00285079	0.00285079
-2.1	-2	40	45	0.75471	0.00260945	0.00260945
-2.1	-2	45	1000	0.767133	0.00241417	0.00241417
-2	-1.85	15	20	0.000311964	0.000201497	0.000201497
-2	-1.85	20	25	0.238242	0.00386179	0.00386179
-2	-1.85	25	30	0.790359	0.00286866	0.00286866
-2	-1.85	30	35	0.811214	0.00227565	0.00227565
-2	-1.85	35	40	0.829477	0.00192505	0.00192505
-2	-1.85	40	45	0.842376	0.00171275	0.00171275
-2	-1.85	45	1000	0.855639	0.00153553	0.00153553
-1.85	-1.75	15	20	0.00119933	0.000517941	0.000517941
-1.85	-1.75	20	25	0.21911	0.00458081	0.00458081
-1.85	-1.75	25	30	0.719253	0.00390575	0.00390575
-1.85	-1.75	30	35	0.743871	0.00313443	0.00313443
-1.85	-1.75	35	40	0.75419	0.00267094	0.00267094
-1.85	-1.75	40	45	0.76856	0.00233628	0.00233628
-1.85	-1.75	45	1000	0.772075	0.00216527	0.00216527
-1.75	-1.6	15	20	0.000354359	0.00022888	0.00022888
-1.75	-1.6	20	25	0.239819	0.00400342	0.00400342
-1.75	-1.6	25	30	0.779375	0.00301636	0.00301636
-1.75	-1.6	30	35	0.793409	0.00243021	0.00243021
-1.75	-1.6	35	40	0.795846	0.00207579	0.00207579
-1.75	-1.6	40	45	0.810684	0.00178417	0.00178417
-1.75	-1.6	45	1000	0.817596	0.00160388	0.00160388
-1.6	-1.5	15	20	0.000245098	0.000202757	0.000202757
-1.6	-1.5	20	25	0.256395	0.00482657	0.00482657
-1.6	-1.5	25	30	0.856567	0.00300863	0.00300863
-1.6	-1.5	30	35	0.85924	0.00243382	0.00243382
-1.6	-1.5	35	40	0.859627	0.00204174	0.00204174
-1.6	-1.5	40	45	0.867831	0.00173481	0.00173481
-1.6	-1.5	45	1000	0.871013	0.00157595	0.00157595
-1.5	-1.4	15	20	0	0	0
-1.5	-1.4	20	25	0.227114	0.00462185	0.00462185
-1.5	-1.4	25	30	0.805818	0.00331608	0.00331608
-1.5	-1.4	30	35	0.81328	0.00265771	0.00265771
-1.5	-1.4	35	40	0.823029	0.00218817	0.00218817
-1.5	-1.4	40	45	0.832377	0.00185442	0.00185442
-1.5	-1.4	45	1000	0.838747	0.00167516	0.00167516
-1.4	-1.3	15	20	0.000747943	0.00040703	0.00040703
-1.4	-1.3	20	25	0.225483	0.00461918	0.00461918
-1.4	-1.3	25	30	0.818613	0.00320449	0.00320449
-1.4	-1.3	30	35	0.844731	0.00245834	0.00245834
-1.4	-1.3	35	40	0.849042	0.00200056	0.00200056
-1.4	-1.3	40	45	0.860252	0.00167765	0.00167765
-1.4	-1.3	45	1000	0.862736	0.00152873	0.00152873
-1.3	-1.2	15	20	0.000502513	0.00032457	0.00032457
-1.3	-1.2	20	25	0.211136	0.00448572	0.00448572
-1.3	-1.2	25	30	0.778534	0.00342618	0.00342618
-1.3	-1.2	30	35	0.796518	0.00267059	0.00267059
-1.3	-1.2	35	40	0.811832	0.00212415	0.00212415
-1.3	-1.2	40	45	0.822433	0.00180103	0.00180103
-1.3	-1.2	45	1000	0.832278	0.00161587	0.00161587
-1.2	-1.1	15	20	0.0015186	0.000602202	0.000602202
-1.2	-1.1	20	25	0.214962	0.0045826	0.0045826
-1.2	-1.1	25	30	0.786524	0.00341843	0.00341843
-1.2	-1.1	30	35	0.809746	0.00257919	0.00257919
-1.2	-1.1	35	40	0.828017	0.00201135	0.00201135
-1.2	-1.1	40	45	0.841872	0.00169553	0.00169553
-1.2	-1.1	45	1000	0.850315	0.00152792	0.00152792
-1.1	-1	15	20	0.00176189	0.000649532	0.000649532
-1.1	-1	20	25	0.221264	0.00460186	0.00460186
-1.1	-1	25	30	0.83865	0.00304191	0.00304191
-1.1	-1	30	35	0.860095	0.00224071	0.00224071
-1.1	-1	35	40	0.868761	0.00176682	0.00176682
-1.1	-1	40	45	0.880571	0.00147578	0.00147578
-1.1	-1	45	1000	0.884862	0.00133994	0.00133994
-1	-0.9	15	20	0.00101626	0.000486305	0.000486305
-1	-0.9	20	25	0.222129	0.00457714	0.00457714
-1	-0.9	25	30	0.850604	0.00293631	0.00293631
-1	-0.9	30	35	0.859528	0.002225	0.002225
-1	-0.9	35	40	0.875582	0.00168773	0.00168773
-1	-0.9	40	45	0.887208	0.00143105	0.00143105
-1	-0.9	45	1000	0.892779	0.00128219	0.00128219
-0.9	-0.8	15	20	0.000263852	0.000218272	0.000218272
-0.9	-0.8	20	25	0.23241	0.00461207	0.00461207
-0.9	-0.8	25	30	0.879051	0.00269349	0.00269349
-0.9	-0.8	30	35	0.899345	0.00190217	0.00190217
-0.9	-0.8	35	40	0.917075	0.00139484	0.00139484
-0.9	-0.8	40	45	0.928235	0.00115748	0.00115748
-0.9	-0.8	45	1000	0.93255	0.00103949	0.00103949
-0.8	-0.7	15	20	0.000266667	0.0002206	0.0002206
-0.8	-0.7	20	25	0.23616	0.00461703	0.00461703
-0.8	-0.7	25	30	0.911246	0.00230651	0.00230651
-0.8	-0.7	30	35	0.927621	0.00159376	0.00159376
-0.8	-0.7	35	40	0.946298	0.00110758	0.00110758
-0.8	-0.7	40	45	0.956902	0.000898716	0.000898716
-0.8	-0.7	45	1000	0.962603	0.000770448	0.000770448
-0.7	-0.6	15	20	0	0	0
-0.7	-0.6	20	25	0.252058	0.0047039	0.0047039
-0.7	-0.6	25	30	0.911105	0.00224446	0.00224446
-0.7	-0.6	30	35	0.933625	0.00149336	0.00149336
-0.7	-0.6	35	40	0.947351	0.00107379	0.00107379
-0.7	-0.6	40	45	0.958885	0.000867597	0.000867597
-0.7	-0.6	45	1000	0.965549	0.000733381	0.000733381
-0.6	-0.5	15	20	0	0	0
-0.6	-0.5	20	25	0.246441	0.00460811	0.00460811
-0.6	-0.5	25	30	0.913909	0.00217708	0.00217708
-0.6	-0.5	30	35	0.933412	0.00146049	0.00146049
-0.6	-0.5	35	40	0.950178	0.00103588	0.00103588
-0.6	-0.5	40	45	0.960486	0.000844368	0.000844368
-0.6	-0.5	45	1000	0.96467	0.00073586	0.00073586
-0.5	-0.4	15	20	0	0	0
-0.5	-0.4	20	25	0.247117	0.00463698	0.00463698
-0.5	-0.4	25	30	0.916051	0.0021104	0.0021104
-0.5	-0.4	30	35	0.932537	0.00143923	0.00143923
-0.5	-0.4	35	40	0.9523	0.00100852	0.00100852
-0.5	-0.4	40	45	0.962077	0.000824191	0.000824191
-0.5	-0.4	45	1000	0.967294	0.000707536	0.000707536
-0.4	-0.3	15	20	0	0	0
-0.4	-0.3	20	25	0.240108	0.00464919	0.00464919
-0.4	-0.3	25	30	0.901311	0.00224409	0.00224409
-0.4	-0.3	30	35	0.924022	0.0015009	0.0015009
-0.4	-0.3	35	40	0.94049	0.00111379	0.00111379
-0.4	-0.3	40	45	0.951861	0.000919714	0.000919714
-0.4	-0.3	45	1000	0.958981	0.000781818	0.000781818
-0.3	-0.2	15	20	0	0	0
-0.3	-0.2	20	25	0.236008	0.0048802	0.0048802
-0.3	-0.2	25	30	0.870179	0.00256936	0.00256936
-0.3	-0.2	30	35	0.893569	0.00179725	0.00179725
-0.3	-0.2	35	40	0.911437	0.00139068	0.00139068
-0.3	-0.2	40	45	0.922805	0.00119023	0.00119023
-0.3	-0.2	45	1000	0.926979	0.00106302	0.00106302
-0.2	-0.1	15	20	0	0	0
-0.2	-0.1	20	25	0.253665	0.00486009	0.00486009
-0.2	-0.1	25	30	0.897052	0.0022143	0.0022143
-0.2	-0.1	30	35	0.920782	0.00150752	0.00150752
-0.2	-0.1	35	40	0.935382	0.00115134	0.00115134
-0.2	-0.1	40	45	0.949192	0.000939393	0.000939393
-0.2	-0.1	45	1000	0.956155	0.000805879	0.000805879
-0.1	0	15	20	0	0	0
-0.1	0	20	25	0.252529	0.00488622	0.00488622
-0.1	0	25	30	0.904121	0.00212768	0.00212768
-0.1	0	30	35	0.928044	0.00142372	0.00142372
-0.1	0	35	40	0.945223	0.00106613	0.00106613
-0.1	0	40	45	0.955098	0.000888049	0.000888049
-0.1	0	45	1000	0.962714	0.000744925	0.000744925
0	0.1	15	20	0	0	0
0	0.1	20	25	0.256658	0.0049866	0.0049866
0	0.1	25	30	0.902161	0.00215447	0.00215447
0	0.1	30	35	0.92685	0.00144074	0.00144074
0	0.1	35	40	0.94313	0.00108369	0.00108369
0	0.1	40	45	0.954112	0.000898626	0.000898626
0	0.1	45	1000	0.961924	0.000755788	0.000755788
0.1	0.2	15	20	0	0	0
0.1	0.2	20	25	0.249437	0.00486874	0.00486874
0.1	0.2	25	30	0.897523	0.00222735	0.00222735
0.1	0.2	30	35	0.920597	0.00149906	0.00149906
0.1	0.2	35	40	0.938006	0.0011359	0.0011359
0.1	0.2	40	45	0.949594	0.000937651	0.000937651
0.1	0.2	45	1000	0.957676	0.000797587	0.000797587
0.2	0.3	15	20	0	0	0
0.2	0.3	20	25	0.233914	0.00493177	0.00493177
0.2	0.3	25	30	0.870809	0.00258946	0.00258946
0.2	0.3	30	35	0.900254	0.00174063	0.00174063
0.2	0.3	35	40	0.914104	0.00137596	0.00137596
0.2	0.3	40	45	0.926401	0.00117221	0.00117221
0.2	0.3	45	1000	0.933839	0.00102447	0.00102447
0.3	0.4	15	20	0	0	0
0.3	0.4	20	25	0.257661	0.00485335	0.00485335
0.3	0.4	25	30	0.898832	0.00227751	0.00227751
0.3	0.4	30	35	0.924014	0.00148907	0.00148907
0.3	0.4	35	40	0.940508	0.00111204	0.00111204
0.3	0.4	40	45	0.951098	0.000922349	0.000922349
0.3	0.4	45	1000	0.958624	0.000786871	0.000786871
0.4	0.5	15	20	0	0	0
0.4	0.5	20	25	0.246452	0.00475528	0.00475528
0.4	0.5	25	30	0.911863	0.00215393	0.00215393
0.4	0.5	30	35	0.935205	0.00139539	0.00139539
0.4	0.5	35	40	0.951084	0.00100904	0.00100904
0.4	0.5	40	45	0.962422	0.000818222	0.000818222
0.4	0.5	45	1000	0.968278	0.000693859	0.000693859
0.5	0.6	15	20	0	0	0
0.5	0.6	20	25	0.24325	0.0047181	0.0047181
0.5	0.6	25	30	0.910179	0.00222673	0.00222673
0.5	0.6	30	35	0.934326	0.0014496	0.0014496
0.5	0.6	35	40	0.948126	0.00105412	0.00105412
0.5	0.6	40	45	0.958894	0.000861739	0.000861739
0.5	0.6	45	1000	0.965023	0.000732687	0.000732687
0.6	0.7	15	20	0.000280978	0.000232439	0.000232439
0.6	0.7	20	25	0.236723	0.00466603	0.00466603
0.6	0.7	25	30	0.912449	0.00224379	0.00224379
0.6	0.7	30	35	0.930791	0.00150823	0.00150823
0.6	0.7	35	40	0.948715	0.00105656	0.00105656
0.6	0.7	40	45	0.959274	0.000863301	0.000863301
0.6	0.7	45	1000	0.9648	0.000740252	0.000740252
0.7	0.8	15	20	0.000271076	0.000224248	0.000224248
0.7	0.8	20	25	0.236411	0.00465608	0.00465608
0.7	0.8	25	30	0.906233	0.00234265	0.00234265
0.7	0.8	30	35	0.931185	0.00153967	0.00153967
0.7	0.8	35	40	0.944878	0.00111201	0.00111201
0.7	0.8	40	45	0.957238	0.000892461	0.000892461
0.7	0.8	45	1000	0.961591	0.000782978	0.000782978
0.8	0.9	15	20	0	0	0
0.8	0.9	20	25	0.226246	0.00460053	0.00460053
0.8	0.9	25	30	0.873677	0.00272504	0.00272504
0.8	0.9	30	35	0.885858	0.00198952	0.00198952
0.8	0.9	35	40	0.90222	0.0014882	0.0014882
0.8	0.9	40	45	0.912483	0.0012622	0.0012622
0.8	0.9	45	1000	0.921985	0.00110816	0.00110816
0.9	1	15	20	0.00134264	0.00057982	0.00057982
0.9	1	20	25	0.22002	0.00462307	0.00462307
0.9	1	25	30	0.850864	0.00294348	0.00294348
0.9	1	30	35	0.860294	0.00220188	0.00220188
0.9	1	35	40	0.87315	0.00168896	0.00168896
0.9	1	40	45	0.884928	0.00143598	0.00143598
0.9	1	45	1000	0.889806	0.00130543	0.00130543
1	1.1	15	20	0.00179764	0.000662705	0.000662705
1	1.1	20	25	0.218249	0.00452757	0.00452757
1	1.1	25	30	0.834318	0.00305007	0.00305007
1	1.1	30	35	0.850343	0.00230614	0.00230614
1	1.1	35	40	0.867149	0.00175358	0.00175358
1	1.1	40	45	0.878767	0.00148523	0.00148523
1	1.1	45	1000	0.887632	0.00132071	0.00132071
1.1	1.2	15	20	0.00100326	0.000480085	0.000480085
1.1	1.2	20	25	0.204788	0.00449591	0.00449591
1.1	1.2	25	30	0.777527	0.00343793	0.00343793
1.1	1.2	30	35	0.809361	0.00258262	0.00258262
1.1	1.2	35	40	0.8194	0.00205953	0.00205953
1.1	1.2	40	45	0.834075	0.001726	0.001726
1.1	1.2	45	1000	0.845118	0.00154925	0.00154925
1.2	1.3	15	20	0.000246366	0.000203806	0.000203806
1.2	1.3	20	25	0.20147	0.0044265	0.0044265
1.2	1.3	25	30	0.773101	0.00348933	0.00348933
1.2	1.3	30	35	0.785246	0.00274825	0.00274825
1.2	1.3	35	40	0.805981	0.00216381	0.00216381
1.2	1.3	40	45	0.821062	0.00181589	0.00181589
1.2	1.3	45	1000	0.829281	0.00163643	0.00163643
1.3	1.4	15	20	0.000497018	0.000321021	0.000321021
1.3	1.4	20	25	0.22087	0.00457963	0.00457963
1.3	1.4	25	30	0.806575	0.00329652	0.00329652
1.3	1.4	30	35	0.823042	0.00258404	0.00258404
1.3	1.4	35	40	0.83524	0.00206632	0.00206632
1.3	1.4	40	45	0.843085	0.00175539	0.00175539
1.3	1.4	45	1000	0.844668	0.00160525	0.00160525
1.4	1.5	15	20	0	0	0
1.4	1.5	20	25	0.215	0.00456233	0.00456233
1.4	1.5	25	30	0.77552	0.00348075	0.00348075
1.4	1.5	30	35	0.792462	0.00279103	0.00279103
1.4	1.5	35	40	0.80689	0.00226259	0.00226259
1.4	1.5	40	45	0.816071	0.0019229	0.0019229
1.4	1.5	45	1000	0.816649	0.00175224	0.00175224
1.5	1.6	15	20	0	0	0
1.5	1.6	20	25	0.246855	0.00477123	0.00477123
1.5	1.6	25	30	0.84283	0.0030699	0.0030699
1.5	1.6	30	35	0.846497	0.00253697	0.00253697
1.5	1.6	35	40	0.852874	0.00208611	0.00208611
1.5	1.6	40	45	0.863155	0.00176703	0.00176703
1.5	1.6	45	1000	0.861882	0.00163351	0.00163351
1.6	1.75	15	20	0	0	0
1.6	1.75	20	25	0.24728	0.00395221	0.00395221
1.6	1.75	25	30	0.813944	0.00275415	0.00275415
1.6	1.75	30	35	0.833603	0.00219148	0.00219148
1.6	1.75	35	40	0.839614	0.00182873	0.00182873
1.6	1.75	40	45	0.850146	0.0015716	0.0015716
1.6	1.75	45	1000	0.853946	0.00142723	0.00142723
1.75	1.85	15	20	0.000236574	0.000195706	0.000195706
1.75	1.85	20	25	0.229192	0.00464333	0.00464333
1.75	1.85	25	30	0.780089	0.00352666	0.00352666
1.75	1.85	30	35	0.801338	0.00285936	0.00285936
1.75	1.85	35	40	0.810082	0.002419	0.002419
1.75	1.85	40	45	0.818349	0.00212699	0.00212699
1.75	1.85	45	1000	0.825637	0.00191995	0.00191995
1.85	2	15	20	0.00047954	0.000260971	0.000260971
1.85	2	20	25	0.228502	0.0037963	0.0037963
1.85	2	25	30	0.794526	0.00280834	0.00280834
1.85	2	30	35	0.818409	0.00225238	0.00225238
1.85	2	35	40	0.834868	0.00188366	0.00188366
1.85	2	40	45	0.8488	0.00167573	0.00167573
1.85	2	45	1000	0.862528	0.00148045	0.00148045
2	2.1	15	20	0.000699953	0.000380915	0.000380915
2	2.1	20	25	0.186517	0.00432282	0.00432282
2	2.1	25	30	0.654079	0.00411297	0.00411297
2	2.1	30	35	0.706113	0.00330976	0.00330976
2	2.1	35	40	0.730566	0.00283626	0.00283626
2	2.1	40	45	0.743279	0.00262261	0.00262261
2	2.1	45	1000	0.760131	0.00239849	0.00239849
2.1	2.2	15	20	0	0	0
2.1	2.2	20	25	0.0979864	0.00337849	0.00337849
2.1	2.2	25	30	0.366009	0.00422347	0.00422347
2.1	2.2	30	35	0.411633	0.00365757	0.00365757
2.1	2.2	35	40	0.442877	0.00330694	0.00330694
2.1	2.2	40	45	0.460349	0.00315672	0.00315672
2.1	2.2	45	1000	0.468506	0.00297319	0.00297319
2.2	2.3	15	20	0.00317926	0.000869578	0.000869578
2.2	2.3	20	25	0.120866	0.00370505	0.00370505
2.2	2.3	25	30	0.443453	0.00435426	0.00435426
2.2	2.3	30	35	0.501812	0.00373287	0.00373287
2.2	2.3	35	40	0.554496	0.00333418	0.00333418
2.2	2.3	40	45	0.58141	0.00322011	0.00322011
2.2	2.3	45	1000	0.607042	0.00310129	0.00310129
2.3	2.4	15	20	0.00435786	0.00104514	0.00104514
2.3	2.4	20	25	0.0852723	0.00322149	0.00322149
2.3	2.4	25	30	0.31444	0.00419999	0.00419999
2.3	2.4	30	35	0.365594	0.00368505	0.00368505
2.3	2.4	35	40	0.408875	0.00342101	0.00342101
2.3	2.4	40	45	0.441967	0.00349026	0.00349026
2.3	2.4	45	1000	0.468628	0.00345082	0.00345082
