-2.4	-2.3	15	20	1.81675	1.3165	1.3165
-2.4	-2.3	20	25	1.28118	0.0629924	0.0629924
-2.4	-2.3	25	30	1.06316	0.0181211	0.0181211
-2.4	-2.3	30	35	1.05777	0.0140573	0.0140573
-2.4	-2.3	35	40	1.04878	0.0119936	0.0119936
-2.4	-2.3	40	45	1.04195	0.0114027	0.0114027
-2.4	-2.3	45	1000	1.02604	0.0105001	0.0105001
-2.3	-2.2	15	20	0.270972	0.252868	0.252868
-2.3	-2.2	20	25	1.20668	0.0482543	0.0482543
-2.3	-2.2	25	30	1.10838	0.0138364	0.0138364
-2.3	-2.2	30	35	1.11106	0.0105957	0.0105957
-2.3	-2.2	35	40	1.06263	0.00863104	0.00863104
-2.3	-2.2	40	45	1.05272	0.00792833	0.00792833
-2.3	-2.2	45	1000	1.0566	0.0074996	0.0074996
-2.2	-2.1	15	20	0.693499	0.727851	0.727851
-2.2	-2.1	20	25	1.29677	0.0582559	0.0582559
-2.2	-2.1	25	30	1.17222	0.016679	0.016679
-2.2	-2.1	30	35	1.13789	0.0127867	0.0127867
-2.2	-2.1	35	40	1.10806	0.0107238	0.0107238
-2.2	-2.1	40	45	1.11624	0.010118	0.010118
-2.2	-2.1	45	1000	1.1019	0.00941515	0.00941515
-2.1	-2	15	20	0.667494	0.700558	0.700558
-2.1	-2	20	25	1.09749	0.0366652	0.0366652
-2.1	-2	25	30	1.03017	0.00904669	0.00904669
-2.1	-2	30	35	1.02096	0.00693157	0.00693157
-2.1	-2	35	40	1.01857	0.00587563	0.00587563
-2.1	-2	40	45	1.01383	0.00519412	0.00519412
-2.1	-2	45	1000	1.01642	0.00469464	0.00469464
-2	-1.85	15	20	0	0	0
-2	-1.85	20	25	0.992285	0.0244474	0.0244474
-2	-1.85	25	30	0.975357	0.00554445	0.00554445
-2	-1.85	30	35	0.990695	0.00429171	0.00429171
-2	-1.85	35	40	0.987391	0.00353536	0.00353536
-2	-1.85	40	45	0.985819	0.0030953	0.0030953
-2	-1.85	45	1000	0.984915	0.00273088	0.00273088
-1.85	-1.75	15	20	0.536723	0.417016	0.417016
-1.85	-1.75	20	25	0.929921	0.0305239	0.0305239
-1.85	-1.75	25	30	0.953023	0.00826734	0.00826734
-1.85	-1.75	30	35	0.956385	0.00642558	0.00642558
-1.85	-1.75	35	40	0.958423	0.0053972	0.0053972
-1.85	-1.75	40	45	0.95742	0.0046614	0.0046614
-1.85	-1.75	45	1000	0.960439	0.00425198	0.00425198
-1.75	-1.6	15	20	1.41525	1.29274	1.29274
-1.75	-1.6	20	25	1.01449	0.0259428	0.0259428
-1.75	-1.6	25	30	0.986289	0.00594931	0.00594931
-1.75	-1.6	30	35	0.988055	0.00472868	0.00472868
-1.75	-1.6	35	40	1.00141	0.00396723	0.00396723
-1.75	-1.6	40	45	0.993663	0.00335482	0.00335482
-1.75	-1.6	45	1000	0.991309	0.00299328	0.00299328
-1.6	-1.5	15	20	0	0	0
-1.6	-1.5	20	25	0.985959	0.0284598	0.0284598
-1.6	-1.5	25	30	0.975571	0.00541412	0.00541412
-1.6	-1.5	30	35	0.984235	0.00435233	0.00435233
-1.6	-1.5	35	40	0.99515	0.00361642	0.00361642
-1.6	-1.5	40	45	0.996038	0.00302021	0.00302021
-1.6	-1.5	45	1000	0.992307	0.00274677	0.00274677
-1.5	-1.4	15	20	0	0	0
-1.5	-1.4	20	25	1.00921	0.0311893	0.0311893
-1.5	-1.4	25	30	1.01431	0.00619525	0.00619525
-1.5	-1.4	30	35	1.02241	0.00490879	0.00490879
-1.5	-1.4	35	40	1.01548	0.00398637	0.00398637
-1.5	-1.4	40	45	1.02167	0.00330822	0.00330822
-1.5	-1.4	45	1000	1.01804	0.0029766	0.0029766
-1.4	-1.3	15	20	0.448356	0.443963	0.443963
-1.4	-1.3	20	25	1.01664	0.0314113	0.0314113
-1.4	-1.3	25	30	1.00018	0.00593336	0.00593336
-1.4	-1.3	30	35	0.976939	0.00447657	0.00447657
-1.4	-1.3	35	40	0.978069	0.0036225	0.0036225
-1.4	-1.3	40	45	0.982643	0.00297399	0.00297399
-1.4	-1.3	45	1000	0.986447	0.00270734	0.00270734
-1.3	-1.2	15	20	0	0	0
-1.3	-1.2	20	25	0.941962	0.0312798	0.0312798
-1.3	-1.2	25	30	0.946478	0.00674433	0.00674433
-1.3	-1.2	30	35	0.949504	0.00515801	0.00515801
-1.3	-1.2	35	40	0.945166	0.00405602	0.00405602
-1.3	-1.2	40	45	0.942879	0.00338454	0.00338454
-1.3	-1.2	45	1000	0.945154	0.00302265	0.00302265
-1.2	-1.1	15	20	0.218699	0.200631	0.200631
-1.2	-1.1	20	25	0.914203	0.0307852	0.0307852
-1.2	-1.1	25	30	0.964187	0.0066071	0.0066071
-1.2	-1.1	30	35	0.951521	0.00492472	0.00492472
-1.2	-1.1	35	40	0.949973	0.00377761	0.00377761
-1.2	-1.1	40	45	0.949927	0.00313232	0.00313232
-1.2	-1.1	45	1000	0.947851	0.00282455	0.00282455
-1.1	-1	15	20	1.14353	0.619127	0.619127
-1.1	-1	20	25	0.986003	0.0314322	0.0314322
-1.1	-1	25	30	0.955759	0.00569336	0.00569336
-1.1	-1	30	35	0.948214	0.00412996	0.00412996
-1.1	-1	35	40	0.953735	0.00322469	0.00322469
-1.1	-1	40	45	0.956063	0.00266688	0.00266688
-1.1	-1	45	1000	0.961387	0.00241115	0.00241115
-1	-0.9	15	20	0.65996	0.530502	0.530502
-1	-0.9	20	25	0.997461	0.0314484	0.0314484
-1	-0.9	25	30	0.958033	0.0054334	0.0054334
-1	-0.9	30	35	0.966909	0.00404041	0.00404041
-1	-0.9	35	40	0.965096	0.00303336	0.00303336
-1	-0.9	40	45	0.962962	0.00256458	0.00256458
-1	-0.9	45	1000	0.966848	0.00229062	0.00229062
-0.9	-0.8	15	20	0	0	0
-0.9	-0.8	20	25	0.967286	0.0297045	0.0297045
-0.9	-0.8	25	30	0.962965	0.0048343	0.0048343
-0.9	-0.8	30	35	0.965715	0.00340079	0.00340079
-0.9	-0.8	35	40	0.961118	0.00248839	0.00248839
-0.9	-0.8	40	45	0.96061	0.00208161	0.00208161
-0.9	-0.8	45	1000	0.963496	0.00187051	0.00187051
-0.8	-0.7	15	20	0	0	0
-0.8	-0.7	20	25	1.00134	0.029718	0.029718
-0.8	-0.7	25	30	0.9783	0.00401282	0.00401282
-0.8	-0.7	30	35	0.989081	0.00267702	0.00267702
-0.8	-0.7	35	40	0.987251	0.00185445	0.00185445
-0.8	-0.7	40	45	0.987119	0.00150733	0.00150733
-0.8	-0.7	45	1000	0.987404	0.00130875	0.00130875
-0.7	-0.6	15	20	0	0	0
-0.7	-0.6	20	25	0.952229	0.0271984	0.0271984
-0.7	-0.6	25	30	0.982106	0.00388553	0.00388553
-0.7	-0.6	30	35	0.984524	0.00254084	0.00254084
-0.7	-0.6	35	40	0.98686	0.00181404	0.00181404
-0.7	-0.6	40	45	0.98591	0.00147086	0.00147086
-0.7	-0.6	45	1000	0.98514	0.00126628	0.00126628
-0.6	-0.5	15	20	0	0	0
-0.6	-0.5	20	25	0.930754	0.0269544	0.0269544
-0.6	-0.5	25	30	0.97763	0.00379614	0.00379614
-0.6	-0.5	30	35	0.984198	0.00248362	0.00248362
-0.6	-0.5	35	40	0.983074	0.00177645	0.00177645
-0.6	-0.5	40	45	0.983269	0.00145861	0.00145861
-0.6	-0.5	45	1000	0.985469	0.00127168	0.00127168
-0.5	-0.4	15	20	0	0	0
-0.5	-0.4	20	25	0.991227	0.0282602	0.0282602
-0.5	-0.4	25	30	0.980718	0.00361678	0.00361678
-0.5	-0.4	30	35	0.987029	0.00242795	0.00242795
-0.5	-0.4	35	40	0.987839	0.0016935	0.0016935
-0.5	-0.4	40	45	0.987546	0.00139321	0.00139321
-0.5	-0.4	45	1000	0.991156	0.00118091	0.00118091
-0.4	-0.3	15	20	0	0	0
-0.4	-0.3	20	25	0.974724	0.0285176	0.0285176
-0.4	-0.3	25	30	0.968982	0.00392024	0.00392024
-0.4	-0.3	30	35	0.975234	0.00260561	0.00260561
-0.4	-0.3	35	40	0.976588	0.0019428	0.0019428
-0.4	-0.3	40	45	0.977943	0.00159962	0.00159962
-0.4	-0.3	45	1000	0.979577	0.00137669	0.00137669
-0.3	-0.2	15	20	0	0	0
-0.3	-0.2	20	25	0.93157	0.0295626	0.0295626
-0.3	-0.2	25	30	0.93716	0.00470395	0.00470395
-0.3	-0.2	30	35	0.942834	0.00330138	0.00330138
-0.3	-0.2	35	40	0.940325	0.00258546	0.00258546
-0.3	-0.2	40	45	0.947042	0.00220041	0.00220041
-0.3	-0.2	45	1000	0.945083	0.00199871	0.00199871
-0.2	-0.1	15	20	0	0	0
-0.2	-0.1	20	25	0.95265	0.0278434	0.0278434
-0.2	-0.1	25	30	0.968651	0.00388437	0.00388437
-0.2	-0.1	30	35	0.972675	0.00263931	0.00263931
-0.2	-0.1	35	40	0.973614	0.00203987	0.00203987
-0.2	-0.1	40	45	0.977125	0.0016585	0.0016585
-0.2	-0.1	45	1000	0.976341	0.001444	0.001444
-0.1	0	15	20	0	0	0
-0.1	0	20	25	0.987471	0.0284595	0.0284595
-0.1	0	25	30	0.972951	0.00368076	0.00368076
-0.1	0	30	35	0.979976	0.00245075	0.00245075
-0.1	0	35	40	0.979999	0.00185244	0.00185244
-0.1	0	40	45	0.988875	0.0014897	0.0014897
-0.1	0	45	1000	0.989485	0.00126158	0.00126158
0	0.1	15	20	0	0	0
0	0.1	20	25	0.964981	0.0281015	0.0281015
0	0.1	25	30	0.983818	0.00366723	0.00366723
0	0.1	30	35	0.984244	0.00245332	0.00245332
0	0.1	35	40	0.986968	0.00184023	0.00184023
0	0.1	40	45	0.99013	0.00149968	0.00149968
0	0.1	45	1000	0.989783	0.00127542	0.00127542
0.1	0.2	15	20	0	0	0
0.1	0.2	20	25	0.954502	0.0282045	0.0282045
0.1	0.2	25	30	0.968963	0.00387725	0.00387725
0.1	0.2	30	35	0.979237	0.00258008	0.00258008
0.1	0.2	35	40	0.982607	0.001954	0.001954
0.1	0.2	40	45	0.983003	0.00161161	0.00161161
0.1	0.2	45	1000	0.984666	0.00137701	0.00137701
0.2	0.3	15	20	0	0	0
0.2	0.3	20	25	0.978454	0.0310852	0.0310852
0.2	0.3	25	30	0.958392	0.00468493	0.00468493
0.2	0.3	30	35	0.957048	0.00316099	0.00316099
0.2	0.3	35	40	0.962671	0.0024739	0.0024739
0.2	0.3	40	45	0.961486	0.00211313	0.00211313
0.2	0.3	45	1000	0.962986	0.00186599	0.00186599
0.3	0.4	15	20	0	0	0
0.3	0.4	20	25	0.905411	0.026269	0.026269
0.3	0.4	25	30	0.977027	0.00394351	0.00394351
0.3	0.4	30	35	0.972385	0.00260439	0.00260439
0.3	0.4	35	40	0.977022	0.00193314	0.00193314
0.3	0.4	40	45	0.978099	0.00161515	0.00161515
0.3	0.4	45	1000	0.97731	0.00140034	0.00140034
0.4	0.5	15	20	0	0	0
0.4	0.5	20	25	0.962796	0.0280201	0.0280201
0.4	0.5	25	30	0.97843	0.00373042	0.00373042
0.4	0.5	30	35	0.982897	0.00238435	0.00238435
0.4	0.5	35	40	0.987695	0.00170382	0.00170382
0.4	0.5	40	45	0.988495	0.00138095	0.00138095
0.4	0.5	45	1000	0.988572	0.00118481	0.00118481
0.5	0.6	15	20	0	0	0
0.5	0.6	20	25	0.961131	0.0282733	0.0282733
0.5	0.6	25	30	0.983978	0.00381609	0.00381609
0.5	0.6	30	35	0.982958	0.00246345	0.00246345
0.5	0.6	35	40	0.984416	0.00178957	0.00178957
0.5	0.6	40	45	0.988498	0.00144344	0.00144344
0.5	0.6	45	1000	0.985703	0.00126328	0.00126328
0.6	0.7	15	20	0	0	0
0.6	0.7	20	25	1.01746	0.0300689	0.0300689
0.6	0.7	25	30	0.983156	0.00383364	0.00383364
0.6	0.7	30	35	0.984623	0.00256119	0.00256119
0.6	0.7	35	40	0.987358	0.00177393	0.00177393
0.6	0.7	40	45	0.988912	0.00144257	0.00144257
0.6	0.7	45	1000	0.989812	0.00124238	0.00124238
0.7	0.8	15	20	0	0	0
0.7	0.8	20	25	1.00462	0.0301291	0.0301291
0.7	0.8	25	30	0.988364	0.00401905	0.00401905
0.7	0.8	30	35	0.984351	0.0026242	0.0026242
0.7	0.8	35	40	0.990074	0.00185254	0.00185254
0.7	0.8	40	45	0.990112	0.00148301	0.00148301
0.7	0.8	45	1000	0.992591	0.00128993	0.00128993
0.8	0.9	15	20	0	0	0
0.8	0.9	20	25	0.989936	0.0309386	0.0309386
0.8	0.9	25	30	0.973235	0.00487984	0.00487984
0.8	0.9	30	35	0.979483	0.00351323	0.00351323
0.8	0.9	35	40	0.979153	0.002588	0.002588
0.8	0.9	40	45	0.982307	0.00217551	0.00217551
0.8	0.9	45	1000	0.975772	0.00192958	0.00192958
0.9	1	15	20	0.256386	0.239256	0.239256
0.9	1	20	25	1.0224	0.0321797	0.0321797
0.9	1	25	30	0.96418	0.00537382	0.00537382
0.9	1	30	35	0.967588	0.00402556	0.00402556
0.9	1	35	40	0.96585	0.00303481	0.00303481
0.9	1	40	45	0.967227	0.00256032	0.00256032
0.9	1	45	1000	0.961176	0.00233798	0.00233798
1	1.1	15	20	0.934303	0.530484	0.530484
1	1.1	20	25	0.985155	0.0313988	0.0313988
1	1.1	25	30	0.968241	0.00569127	0.00569127
1	1.1	30	35	0.961631	0.00422001	0.00422001
1	1.1	35	40	0.963556	0.00317854	0.00317854
1	1.1	40	45	0.963501	0.00266541	0.00266541
1	1.1	45	1000	0.961696	0.0023713	0.0023713
1.1	1.2	15	20	0.675306	0.542838	0.542838
1.1	1.2	20	25	0.941798	0.0321927	0.0321927
1.1	1.2	25	30	0.965954	0.00680682	0.00680682
1.1	1.2	30	35	0.95182	0.00493264	0.00493264
1.1	1.2	35	40	0.951118	0.00387666	0.00387666
1.1	1.2	40	45	0.954907	0.00320702	0.00320702
1.1	1.2	45	1000	0.952164	0.00286539	0.00286539
1.2	1.3	15	20	5.32504	5.08899	5.08899
1.2	1.3	20	25	0.9381	0.0321833	0.0321833
1.2	1.3	25	30	0.937572	0.00687244	0.00687244
1.2	1.3	30	35	0.930782	0.00536602	0.00536602
1.2	1.3	35	40	0.92187	0.00415894	0.00415894
1.2	1.3	40	45	0.917453	0.00344309	0.00344309
1.2	1.3	45	1000	0.917713	0.00309783	0.00309783
1.3	1.4	15	20	0	0	0
1.3	1.4	20	25	0.998212	0.0314581	0.0314581
1.3	1.4	25	30	0.971308	0.00628244	0.00628244
1.3	1.4	30	35	0.97357	0.00485186	0.00485186
1.3	1.4	35	40	0.967717	0.00383237	0.00383237
1.3	1.4	40	45	0.968721	0.00320285	0.00320285
1.3	1.4	45	1000	0.966873	0.00293417	0.00293417
1.4	1.5	15	20	0	0	0
1.4	1.5	20	25	1.05743	0.0336331	0.0336331
1.4	1.5	25	30	1.01447	0.00680345	0.00680345
1.4	1.5	30	35	1.00874	0.00533332	0.00533332
1.4	1.5	35	40	0.998106	0.00425313	0.00425313
1.4	1.5	40	45	0.991536	0.00356627	0.00356627
1.4	1.5	45	1000	1.00139	0.00323442	0.00323442
1.5	1.6	15	20	0	0	0
1.5	1.6	20	25	1.00246	0.0297115	0.0297115
1.5	1.6	25	30	0.967945	0.00565679	0.00565679
1.5	1.6	30	35	0.979061	0.00463453	0.00463453
1.5	1.6	35	40	0.972358	0.00380023	0.00380023
1.5	1.6	40	45	0.971127	0.00316963	0.00316963
1.5	1.6	45	1000	0.972886	0.00290885	0.00290885
1.6	1.75	15	20	0	0	0
1.6	1.75	20	25	1.02696	0.0247634	0.0247634
1.6	1.75	25	30	1.00059	0.00512702	0.00512702
1.6	1.75	30	35	1.00099	0.0040052	0.0040052
1.6	1.75	35	40	1.00414	0.00330437	0.00330437
1.6	1.75	40	45	1.00128	0.00278879	0.00278879
1.6	1.75	45	1000	1.00583	0.00250114	0.00250114
1.75	1.85	15	20	0	0	0
1.75	1.85	20	25	1.05972	0.0320767	0.0320767
1.75	1.85	25	30	1.01692	0.00688769	0.00688769
1.75	1.85	30	35	1.01747	0.00538204	0.00538204
1.75	1.85	35	40	1.02408	0.00446675	0.00446675
1.75	1.85	40	45	1.02561	0.0038687	0.0038687
1.75	1.85	45	1000	1.02581	0.00344823	0.00344823
1.85	2	15	20	0.85377	0.721094	0.721094
1.85	2	20	25	1.09294	0.026601	0.026601
1.85	2	25	30	1.03959	0.00530069	0.00530069
1.85	2	30	35	1.03323	0.00408714	0.00408714
1.85	2	35	40	1.02756	0.00334674	0.00334674
1.85	2	40	45	1.02662	0.00289849	0.00289849
1.85	2	45	1000	1.02399	0.00250482	0.00250482
2	2.1	15	20	0.455425	0.450963	0.450963
2	2.1	20	25	1.12958	0.0382077	0.0382077
2	2.1	25	30	1.1083	0.00970949	0.00970949
2	2.1	30	35	1.06556	0.00713104	0.00713104
2	2.1	35	40	1.0526	0.00585926	0.00585926
2	2.1	40	45	1.05514	0.0052798	0.0052798
2	2.1	45	1000	1.05551	0.00466909	0.00466909
2.1	2.2	15	20	0	0	0
2.1	2.2	20	25	1.47365	0.0695945	0.0695945
2.1	2.2	25	30	1.3452	0.0207932	0.0207932
2.1	2.2	30	35	1.25609	0.0151575	0.0151575
2.1	2.2	35	40	1.18153	0.0122807	0.0122807
2.1	2.2	40	45	1.17372	0.0111918	0.0111918
2.1	2.2	45	1000	1.16993	0.0103037	0.0103037
2.2	2.3	15	20	0.310298	0.188989	0.188989
2.2	2.3	20	25	1.29821	0.0562945	0.0562945
2.2	2.3	25	30	1.26532	0.0168125	0.0168125
2.2	2.3	30	35	1.21251	0.0122844	0.0122844
2.2	2.3	35	40	1.145	0.00960979	0.00960979
2.2	2.3	40	45	1.1307	0.00875494	0.00875494
2.2	2.3	45	1000	1.10479	0.00788825	0.00788825
2.3	2.4	15	20	1.49981	0.495205	0.495205
2.3	2.4	20	25	1.33544	0.0710795	0.0710795
2.3	2.4	25	30	1.27356	0.0233755	0.0233755
2.3	2.4	30	35	1.24873	0.0174263	0.0174263
2.3	2.4	35	40	1.19392	0.0140041	0.0140041
2.3	2.4	40	45	1.14169	0.0128352	0.0128352
2.3	2.4	45	1000	1.13039	0.0116971	0.0116971
