-2.4	-2.3	15	20	1.81675	0	0
-2.4	-2.3	20	25	1.28118	0	0
-2.4	-2.3	25	30	1.06316	0	0
-2.4	-2.3	30	35	1.05777	0	0
-2.4	-2.3	35	40	1.04878	0	0
-2.4	-2.3	40	45	1.04195	0	0
-2.4	-2.3	45	1000	1.02604	0	0
-2.3	-2.2	15	20	0.270972	0	0
-2.3	-2.2	20	25	1.20668	0	0
-2.3	-2.2	25	30	1.10838	0	0
-2.3	-2.2	30	35	1.11106	0	0
-2.3	-2.2	35	40	1.06263	0	0
-2.3	-2.2	40	45	1.05272	0	0
-2.3	-2.2	45	1000	1.0566	0	0
-2.2	-2.1	15	20	0.693499	0	0
-2.2	-2.1	20	25	1.29677	0	0
-2.2	-2.1	25	30	1.17222	0	0
-2.2	-2.1	30	35	1.13789	0	0
-2.2	-2.1	35	40	1.10806	0	0
-2.2	-2.1	40	45	1.11624	0	0
-2.2	-2.1	45	1000	1.1019	0	0
-2.1	-2	15	20	0.667494	0	0
-2.1	-2	20	25	1.09749	0	0
-2.1	-2	25	30	1.03017	0	0
-2.1	-2	30	35	1.02096	0	0
-2.1	-2	35	40	1.01857	0	0
-2.1	-2	40	45	1.01383	0	0
-2.1	-2	45	1000	1.01642	0	0
-2	-1.85	15	20	0	0	0
-2	-1.85	20	25	0.992285	0	0
-2	-1.85	25	30	0.975357	0	0
-2	-1.85	30	35	0.990695	0	0
-2	-1.85	35	40	0.987391	0	0
-2	-1.85	40	45	0.985819	0	0
-2	-1.85	45	1000	0.984915	0	0
-1.85	-1.75	15	20	0.536723	0	0
-1.85	-1.75	20	25	0.929921	0	0
-1.85	-1.75	25	30	0.953023	0	0
-1.85	-1.75	30	35	0.956385	0	0
-1.85	-1.75	35	40	0.958423	0	0
-1.85	-1.75	40	45	0.95742	0	0
-1.85	-1.75	45	1000	0.960439	0	0
-1.75	-1.6	15	20	1.41525	0	0
-1.75	-1.6	20	25	1.01449	0	0
-1.75	-1.6	25	30	0.986289	0	0
-1.75	-1.6	30	35	0.988055	0	0
-1.75	-1.6	35	40	1.00141	0	0
-1.75	-1.6	40	45	0.993663	0	0
-1.75	-1.6	45	1000	0.991309	0	0
-1.6	-1.5	15	20	0	0	0
-1.6	-1.5	20	25	0.985959	0	0
-1.6	-1.5	25	30	0.975571	0	0
-1.6	-1.5	30	35	0.984235	0	0
-1.6	-1.5	35	40	0.99515	0	0
-1.6	-1.5	40	45	0.996038	0	0
-1.6	-1.5	45	1000	0.992307	0	0
-1.5	-1.4	15	20	0	0	0
-1.5	-1.4	20	25	1.00921	0	0
-1.5	-1.4	25	30	1.01431	0	0
-1.5	-1.4	30	35	1.02241	0	0
-1.5	-1.4	35	40	1.01548	0	0
-1.5	-1.4	40	45	1.02167	0	0
-1.5	-1.4	45	1000	1.01804	0	0
-1.4	-1.3	15	20	0.448356	0	0
-1.4	-1.3	20	25	1.01664	0	0
-1.4	-1.3	25	30	1.00018	0	0
-1.4	-1.3	30	35	0.976939	0	0
-1.4	-1.3	35	40	0.978069	0	0
-1.4	-1.3	40	45	0.982643	0	0
-1.4	-1.3	45	1000	0.986447	0	0
-1.3	-1.2	15	20	0	0	0
-1.3	-1.2	20	25	0.941962	0	0
-1.3	-1.2	25	30	0.946478	0	0
-1.3	-1.2	30	35	0.949504	0	0
-1.3	-1.2	35	40	0.945166	0	0
-1.3	-1.2	40	45	0.942879	0	0
-1.3	-1.2	45	1000	0.945154	0	0
-1.2	-1.1	15	20	0.218699	0	0
-1.2	-1.1	20	25	0.914203	0	0
-1.2	-1.1	25	30	0.964187	0	0
-1.2	-1.1	30	35	0.951521	0	0
-1.2	-1.1	35	40	0.949973	0	0
-1.2	-1.1	40	45	0.949927	0	0
-1.2	-1.1	45	1000	0.947851	0	0
-1.1	-1	15	20	1.14353	0	0
-1.1	-1	20	25	0.986003	0	0
-1.1	-1	25	30	0.955759	0	0
-1.1	-1	30	35	0.948214	0	0
-1.1	-1	35	40	0.953735	0	0
-1.1	-1	40	45	0.956063	0	0
-1.1	-1	45	1000	0.961387	0	0
-1	-0.9	15	20	0.65996	0	0
-1	-0.9	20	25	0.997461	0	0
-1	-0.9	25	30	0.958033	0	0
-1	-0.9	30	35	0.966909	0	0
-1	-0.9	35	40	0.965096	0	0
-1	-0.9	40	45	0.962962	0	0
-1	-0.9	45	1000	0.966848	0	0
-0.9	-0.8	15	20	0	0	0
-0.9	-0.8	20	25	0.967286	0	0
-0.9	-0.8	25	30	0.962965	0	0
-0.9	-0.8	30	35	0.965715	0	0
-0.9	-0.8	35	40	0.961118	0	0
-0.9	-0.8	40	45	0.96061	0	0
-0.9	-0.8	45	1000	0.963496	0	0
-0.8	-0.7	15	20	0	0	0
-0.8	-0.7	20	25	1.00134	0	0
-0.8	-0.7	25	30	0.9783	0	0
-0.8	-0.7	30	35	0.989081	0	0
-0.8	-0.7	35	40	0.987251	0	0
-0.8	-0.7	40	45	0.987119	0	0
-0.8	-0.7	45	1000	0.987404	0	0
-0.7	-0.6	15	20	0	0	0
-0.7	-0.6	20	25	0.952229	0	0
-0.7	-0.6	25	30	0.982106	0	0
-0.7	-0.6	30	35	0.984524	0	0
-0.7	-0.6	35	40	0.98686	0	0
-0.7	-0.6	40	45	0.98591	0	0
-0.7	-0.6	45	1000	0.98514	0	0
-0.6	-0.5	15	20	0	0	0
-0.6	-0.5	20	25	0.930754	0	0
-0.6	-0.5	25	30	0.97763	0	0
-0.6	-0.5	30	35	0.984198	0	0
-0.6	-0.5	35	40	0.983074	0	0
-0.6	-0.5	40	45	0.983269	0	0
-0.6	-0.5	45	1000	0.985469	0	0
-0.5	-0.4	15	20	0	0	0
-0.5	-0.4	20	25	0.991227	0	0
-0.5	-0.4	25	30	0.980718	0	0
-0.5	-0.4	30	35	0.987029	0	0
-0.5	-0.4	35	40	0.987839	0	0
-0.5	-0.4	40	45	0.987546	0	0
-0.5	-0.4	45	1000	0.991156	0	0
-0.4	-0.3	15	20	0	0	0
-0.4	-0.3	20	25	0.974724	0	0
-0.4	-0.3	25	30	0.968982	0	0
-0.4	-0.3	30	35	0.975234	0	0
-0.4	-0.3	35	40	0.976588	0	0
-0.4	-0.3	40	45	0.977943	0	0
-0.4	-0.3	45	1000	0.979577	0	0
-0.3	-0.2	15	20	0	0	0
-0.3	-0.2	20	25	0.93157	0	0
-0.3	-0.2	25	30	0.93716	0	0
-0.3	-0.2	30	35	0.942834	0	0
-0.3	-0.2	35	40	0.940325	0	0
-0.3	-0.2	40	45	0.947042	0	0
-0.3	-0.2	45	1000	0.945083	0	0
-0.2	-0.1	15	20	0	0	0
-0.2	-0.1	20	25	0.95265	0	0
-0.2	-0.1	25	30	0.968651	0	0
-0.2	-0.1	30	35	0.972675	0	0
-0.2	-0.1	35	40	0.973614	0	0
-0.2	-0.1	40	45	0.977125	0	0
-0.2	-0.1	45	1000	0.976341	0	0
-0.1	0	15	20	0	0	0
-0.1	0	20	25	0.987471	0	0
-0.1	0	25	30	0.972951	0	0
-0.1	0	30	35	0.979976	0	0
-0.1	0	35	40	0.979999	0	0
-0.1	0	40	45	0.988875	0	0
-0.1	0	45	1000	0.989485	0	0
0	0.1	15	20	0	0	0
0	0.1	20	25	0.964981	0	0
0	0.1	25	30	0.983818	0	0
0	0.1	30	35	0.984244	0	0
0	0.1	35	40	0.986968	0	0
0	0.1	40	45	0.99013	0	0
0	0.1	45	1000	0.989783	0	0
0.1	0.2	15	20	0	0	0
0.1	0.2	20	25	0.954502	0	0
0.1	0.2	25	30	0.968963	0	0
0.1	0.2	30	35	0.979237	0	0
0.1	0.2	35	40	0.982607	0	0
0.1	0.2	40	45	0.983003	0	0
0.1	0.2	45	1000	0.984666	0	0
0.2	0.3	15	20	0	0	0
0.2	0.3	20	25	0.978454	0	0
0.2	0.3	25	30	0.958392	0	0
0.2	0.3	30	35	0.957048	0	0
0.2	0.3	35	40	0.962671	0	0
0.2	0.3	40	45	0.961486	0	0
0.2	0.3	45	1000	0.962986	0	0
0.3	0.4	15	20	0	0	0
0.3	0.4	20	25	0.905411	0	0
0.3	0.4	25	30	0.977027	0	0
0.3	0.4	30	35	0.972385	0	0
0.3	0.4	35	40	0.977022	0	0
0.3	0.4	40	45	0.978099	0	0
0.3	0.4	45	1000	0.97731	0	0
0.4	0.5	15	20	0	0	0
0.4	0.5	20	25	0.962796	0	0
0.4	0.5	25	30	0.97843	0	0
0.4	0.5	30	35	0.982897	0	0
0.4	0.5	35	40	0.987695	0	0
0.4	0.5	40	45	0.988495	0	0
0.4	0.5	45	1000	0.988572	0	0
0.5	0.6	15	20	0	0	0
0.5	0.6	20	25	0.961131	0	0
0.5	0.6	25	30	0.983978	0	0
0.5	0.6	30	35	0.982958	0	0
0.5	0.6	35	40	0.984416	0	0
0.5	0.6	40	45	0.988498	0	0
0.5	0.6	45	1000	0.985703	0	0
0.6	0.7	15	20	0	0	0
0.6	0.7	20	25	1.01746	0	0
0.6	0.7	25	30	0.983156	0	0
0.6	0.7	30	35	0.984623	0	0
0.6	0.7	35	40	0.987358	0	0
0.6	0.7	40	45	0.988912	0	0
0.6	0.7	45	1000	0.989812	0	0
0.7	0.8	15	20	0	0	0
0.7	0.8	20	25	1.00462	0	0
0.7	0.8	25	30	0.988364	0	0
0.7	0.8	30	35	0.984351	0	0
0.7	0.8	35	40	0.990074	0	0
0.7	0.8	40	45	0.990112	0	0
0.7	0.8	45	1000	0.992591	0	0
0.8	0.9	15	20	0	0	0
0.8	0.9	20	25	0.989936	0	0
0.8	0.9	25	30	0.973235	0	0
0.8	0.9	30	35	0.979483	0	0
0.8	0.9	35	40	0.979153	0	0
0.8	0.9	40	45	0.982307	0	0
0.8	0.9	45	1000	0.975772	0	0
0.9	1	15	20	0.256386	0	0
0.9	1	20	25	1.0224	0	0
0.9	1	25	30	0.96418	0	0
0.9	1	30	35	0.967588	0	0
0.9	1	35	40	0.96585	0	0
0.9	1	40	45	0.967227	0	0
0.9	1	45	1000	0.961176	0	0
1	1.1	15	20	0.934303	0	0
1	1.1	20	25	0.985155	0	0
1	1.1	25	30	0.968241	0	0
1	1.1	30	35	0.961631	0	0
1	1.1	35	40	0.963556	0	0
1	1.1	40	45	0.963501	0	0
1	1.1	45	1000	0.961696	0	0
1.1	1.2	15	20	0.675306	0	0
1.1	1.2	20	25	0.941798	0	0
1.1	1.2	25	30	0.965954	0	0
1.1	1.2	30	35	0.95182	0	0
1.1	1.2	35	40	0.951118	0	0
1.1	1.2	40	45	0.954907	0	0
1.1	1.2	45	1000	0.952164	0	0
1.2	1.3	15	20	5.32504	0	0
1.2	1.3	20	25	0.9381	0	0
1.2	1.3	25	30	0.937572	0	0
1.2	1.3	30	35	0.930782	0	0
1.2	1.3	35	40	0.92187	0	0
1.2	1.3	40	45	0.917453	0	0
1.2	1.3	45	1000	0.917713	0	0
1.3	1.4	15	20	0	0	0
1.3	1.4	20	25	0.998212	0	0
1.3	1.4	25	30	0.971308	0	0
1.3	1.4	30	35	0.97357	0	0
1.3	1.4	35	40	0.967717	0	0
1.3	1.4	40	45	0.968721	0	0
1.3	1.4	45	1000	0.966873	0	0
1.4	1.5	15	20	0	0	0
1.4	1.5	20	25	1.05743	0	0
1.4	1.5	25	30	1.01447	0	0
1.4	1.5	30	35	1.00874	0	0
1.4	1.5	35	40	0.998106	0	0
1.4	1.5	40	45	0.991536	0	0
1.4	1.5	45	1000	1.00139	0	0
1.5	1.6	15	20	0	0	0
1.5	1.6	20	25	1.00246	0	0
1.5	1.6	25	30	0.967945	0	0
1.5	1.6	30	35	0.979061	0	0
1.5	1.6	35	40	0.972358	0	0
1.5	1.6	40	45	0.971127	0	0
1.5	1.6	45	1000	0.972886	0	0
1.6	1.75	15	20	0	0	0
1.6	1.75	20	25	1.02696	0	0
1.6	1.75	25	30	1.00059	0	0
1.6	1.75	30	35	1.00099	0	0
1.6	1.75	35	40	1.00414	0	0
1.6	1.75	40	45	1.00128	0	0
1.6	1.75	45	1000	1.00583	0	0
1.75	1.85	15	20	0	0	0
1.75	1.85	20	25	1.05972	0	0
1.75	1.85	25	30	1.01692	0	0
1.75	1.85	30	35	1.01747	0	0
1.75	1.85	35	40	1.02408	0	0
1.75	1.85	40	45	1.02561	0	0
1.75	1.85	45	1000	1.02581	0	0
1.85	2	15	20	0.85377	0	0
1.85	2	20	25	1.09294	0	0
1.85	2	25	30	1.03959	0	0
1.85	2	30	35	1.03323	0	0
1.85	2	35	40	1.02756	0	0
1.85	2	40	45	1.02662	0	0
1.85	2	45	1000	1.02399	0	0
2	2.1	15	20	0.455425	0	0
2	2.1	20	25	1.12958	0	0
2	2.1	25	30	1.1083	0	0
2	2.1	30	35	1.06556	0	0
2	2.1	35	40	1.0526	0	0
2	2.1	40	45	1.05514	0	0
2	2.1	45	1000	1.05551	0	0
2.1	2.2	15	20	0	0	0
2.1	2.2	20	25	1.47365	0	0
2.1	2.2	25	30	1.3452	0	0
2.1	2.2	30	35	1.25609	0	0
2.1	2.2	35	40	1.18153	0	0
2.1	2.2	40	45	1.17372	0	0
2.1	2.2	45	1000	1.16993	0	0
2.2	2.3	15	20	0.310298	0	0
2.2	2.3	20	25	1.29821	0	0
2.2	2.3	25	30	1.26532	0	0
2.2	2.3	30	35	1.21251	0	0
2.2	2.3	35	40	1.145	0	0
2.2	2.3	40	45	1.1307	0	0
2.2	2.3	45	1000	1.10479	0	0
2.3	2.4	15	20	1.49981	0	0
2.3	2.4	20	25	1.33544	0	0
2.3	2.4	25	30	1.27356	0	0
2.3	2.4	30	35	1.24873	0	0
2.3	2.4	35	40	1.19392	0	0
2.3	2.4	40	45	1.14169	0	0
2.3	2.4	45	1000	1.13039	0	0
